How many items do you have: Enter your items: Enter k: -5 592 -998 133 
-5 592 -998 -530 
-5 592 -998 63 
-5 592 -998 449 
-5 592 -998 609 
-5 592 -998 -953 
-5 592 -998 960 
-5 592 133 -530 
-5 592 133 63 
-5 592 133 449 
-5 592 133 609 
-5 592 133 -953 
-5 592 133 960 
-5 592 -530 63 
-5 592 -530 449 
-5 592 -530 609 
-5 592 -530 -953 
-5 592 -530 960 
-5 592 63 449 
-5 592 63 609 
-5 592 63 -953 
-5 592 63 960 
-5 592 449 609 
-5 592 449 -953 
-5 592 449 960 
-5 592 609 -953 
-5 592 609 960 
-5 592 -953 960 
-5 -998 133 -530 
-5 -998 133 63 
-5 -998 133 449 
-5 -998 133 609 
-5 -998 133 -953 
-5 -998 133 960 
-5 -998 -530 63 
-5 -998 -530 449 
-5 -998 -530 609 
-5 -998 -530 -953 
-5 -998 -530 960 
-5 -998 63 449 
-5 -998 63 609 
-5 -998 63 -953 
-5 -998 63 960 
-5 -998 449 609 
-5 -998 449 -953 
-5 -998 449 960 
-5 -998 609 -953 
-5 -998 609 960 
-5 -998 -953 960 
-5 133 -530 63 
-5 133 -530 449 
-5 133 -530 609 
-5 133 -530 -953 
-5 133 -530 960 
-5 133 63 449 
-5 133 63 609 
-5 133 63 -953 
-5 133 63 960 
-5 133 449 609 
-5 133 449 -953 
-5 133 449 960 
-5 133 609 -953 
-5 133 609 960 
-5 133 -953 960 
-5 -530 63 449 
-5 -530 63 609 
-5 -530 63 -953 
-5 -530 63 960 
-5 -530 449 609 
-5 -530 449 -953 
-5 -530 449 960 
-5 -530 609 -953 
-5 -530 609 960 
-5 -530 -953 960 
-5 63 449 609 
-5 63 449 -953 
-5 63 449 960 
-5 63 609 -953 
-5 63 609 960 
-5 63 -953 960 
-5 449 609 -953 
-5 449 609 960 
-5 449 -953 960 
-5 609 -953 960 
592 -998 133 -530 
592 -998 133 63 
592 -998 133 449 
592 -998 133 609 
592 -998 133 -953 
592 -998 133 960 
592 -998 -530 63 
592 -998 -530 449 
592 -998 -530 609 
592 -998 -530 -953 
592 -998 -530 960 
592 -998 63 449 
592 -998 63 609 
592 -998 63 -953 
592 -998 63 960 
592 -998 449 609 
592 -998 449 -953 
592 -998 449 960 
592 -998 609 -953 
592 -998 609 960 
592 -998 -953 960 
592 133 -530 63 
592 133 -530 449 
592 133 -530 609 
592 133 -530 -953 
592 133 -530 960 
592 133 63 449 
592 133 63 609 
592 133 63 -953 
592 133 63 960 
592 133 449 609 
592 133 449 -953 
592 133 449 960 
592 133 609 -953 
592 133 609 960 
592 133 -953 960 
592 -530 63 449 
592 -530 63 609 
592 -530 63 -953 
592 -530 63 960 
592 -530 449 609 
592 -530 449 -953 
592 -530 449 960 
592 -530 609 -953 
592 -530 609 960 
592 -530 -953 960 
592 63 449 609 
592 63 449 -953 
592 63 449 960 
592 63 609 -953 
592 63 609 960 
592 63 -953 960 
592 449 609 -953 
592 449 609 960 
592 449 -953 960 
592 609 -953 960 
-998 133 -530 63 
-998 133 -530 449 
-998 133 -530 609 
-998 133 -530 -953 
-998 133 -530 960 
-998 133 63 449 
-998 133 63 609 
-998 133 63 -953 
-998 133 63 960 
-998 133 449 609 
-998 133 449 -953 
-998 133 449 960 
-998 133 609 -953 
-998 133 609 960 
-998 133 -953 960 
-998 -530 63 449 
-998 -530 63 609 
-998 -530 63 -953 
-998 -530 63 960 
-998 -530 449 609 
-998 -530 449 -953 
-998 -530 449 960 
-998 -530 609 -953 
-998 -530 609 960 
-998 -530 -953 960 
-998 63 449 609 
-998 63 449 -953 
-998 63 449 960 
-998 63 609 -953 
-998 63 609 960 
-998 63 -953 960 
-998 449 609 -953 
-998 449 609 960 
-998 449 -953 960 
-998 609 -953 960 
133 -530 63 449 
133 -530 63 609 
133 -530 63 -953 
133 -530 63 960 
133 -530 449 609 
133 -530 449 -953 
133 -530 449 960 
133 -530 609 -953 
133 -530 609 960 
133 -530 -953 960 
133 63 449 609 
133 63 449 -953 
133 63 449 960 
133 63 609 -953 
133 63 609 960 
133 63 -953 960 
133 449 609 -953 
133 449 609 960 
133 449 -953 960 
133 609 -953 960 
-530 63 449 609 
-530 63 449 -953 
-530 63 449 960 
-530 63 609 -953 
-530 63 609 960 
-530 63 -953 960 
-530 449 609 -953 
-530 449 609 960 
-530 449 -953 960 
-530 609 -953 960 
63 449 609 -953 
63 449 609 960 
63 449 -953 960 
63 609 -953 960 
449 609 -953 960 
