How many items do you have: Enter your items: Enter k: -238 -113 181 412 394 
-238 -113 181 412 755 
-238 -113 181 412 -526 
-238 -113 181 412 -177 
-238 -113 181 412 408 
-238 -113 181 412 80 
-238 -113 181 412 -896 
-238 -113 181 412 -904 
-238 -113 181 394 755 
-238 -113 181 394 -526 
-238 -113 181 394 -177 
-238 -113 181 394 408 
-238 -113 181 394 80 
-238 -113 181 394 -896 
-238 -113 181 394 -904 
-238 -113 181 755 -526 
-238 -113 181 755 -177 
-238 -113 181 755 408 
-238 -113 181 755 80 
-238 -113 181 755 -896 
-238 -113 181 755 -904 
-238 -113 181 -526 -177 
-238 -113 181 -526 408 
-238 -113 181 -526 80 
-238 -113 181 -526 -896 
-238 -113 181 -526 -904 
-238 -113 181 -177 408 
-238 -113 181 -177 80 
-238 -113 181 -177 -896 
-238 -113 181 -177 -904 
-238 -113 181 408 80 
-238 -113 181 408 -896 
-238 -113 181 408 -904 
-238 -113 181 80 -896 
-238 -113 181 80 -904 
-238 -113 181 -896 -904 
-238 -113 412 394 755 
-238 -113 412 394 -526 
-238 -113 412 394 -177 
-238 -113 412 394 408 
-238 -113 412 394 80 
-238 -113 412 394 -896 
-238 -113 412 394 -904 
-238 -113 412 755 -526 
-238 -113 412 755 -177 
-238 -113 412 755 408 
-238 -113 412 755 80 
-238 -113 412 755 -896 
-238 -113 412 755 -904 
-238 -113 412 -526 -177 
-238 -113 412 -526 408 
-238 -113 412 -526 80 
-238 -113 412 -526 -896 
-238 -113 412 -526 -904 
-238 -113 412 -177 408 
-238 -113 412 -177 80 
-238 -113 412 -177 -896 
-238 -113 412 -177 -904 
-238 -113 412 408 80 
-238 -113 412 408 -896 
-238 -113 412 408 -904 
-238 -113 412 80 -896 
-238 -113 412 80 -904 
-238 -113 412 -896 -904 
-238 -113 394 755 -526 
-238 -113 394 755 -177 
-238 -113 394 755 408 
-238 -113 394 755 80 
-238 -113 394 755 -896 
-238 -113 394 755 -904 
-238 -113 394 -526 -177 
-238 -113 394 -526 408 
-238 -113 394 -526 80 
-238 -113 394 -526 -896 
-238 -113 394 -526 -904 
-238 -113 394 -177 408 
-238 -113 394 -177 80 
-238 -113 394 -177 -896 
-238 -113 394 -177 -904 
-238 -113 394 408 80 
-238 -113 394 408 -896 
-238 -113 394 408 -904 
-238 -113 394 80 -896 
-238 -113 394 80 -904 
-238 -113 394 -896 -904 
-238 -113 755 -526 -177 
-238 -113 755 -526 408 
-238 -113 755 -526 80 
-238 -113 755 -526 -896 
-238 -113 755 -526 -904 
-238 -113 755 -177 408 
-238 -113 755 -177 80 
-238 -113 755 -177 -896 
-238 -113 755 -177 -904 
-238 -113 755 408 80 
-238 -113 755 408 -896 
-238 -113 755 408 -904 
-238 -113 755 80 -896 
-238 -113 755 80 -904 
-238 -113 755 -896 -904 
-238 -113 -526 -177 408 
-238 -113 -526 -177 80 
-238 -113 -526 -177 -896 
-238 -113 -526 -177 -904 
-238 -113 -526 408 80 
-238 -113 -526 408 -896 
-238 -113 -526 408 -904 
-238 -113 -526 80 -896 
-238 -113 -526 80 -904 
-238 -113 -526 -896 -904 
-238 -113 -177 408 80 
-238 -113 -177 408 -896 
-238 -113 -177 408 -904 
-238 -113 -177 80 -896 
-238 -113 -177 80 -904 
-238 -113 -177 -896 -904 
-238 -113 408 80 -896 
-238 -113 408 80 -904 
-238 -113 408 -896 -904 
-238 -113 80 -896 -904 
-238 181 412 394 755 
-238 181 412 394 -526 
-238 181 412 394 -177 
-238 181 412 394 408 
-238 181 412 394 80 
-238 181 412 394 -896 
-238 181 412 394 -904 
-238 181 412 755 -526 
-238 181 412 755 -177 
-238 181 412 755 408 
-238 181 412 755 80 
-238 181 412 755 -896 
-238 181 412 755 -904 
-238 181 412 -526 -177 
-238 181 412 -526 408 
-238 181 412 -526 80 
-238 181 412 -526 -896 
-238 181 412 -526 -904 
-238 181 412 -177 408 
-238 181 412 -177 80 
-238 181 412 -177 -896 
-238 181 412 -177 -904 
-238 181 412 408 80 
-238 181 412 408 -896 
-238 181 412 408 -904 
-238 181 412 80 -896 
-238 181 412 80 -904 
-238 181 412 -896 -904 
-238 181 394 755 -526 
-238 181 394 755 -177 
-238 181 394 755 408 
-238 181 394 755 80 
-238 181 394 755 -896 
-238 181 394 755 -904 
-238 181 394 -526 -177 
-238 181 394 -526 408 
-238 181 394 -526 80 
-238 181 394 -526 -896 
-238 181 394 -526 -904 
-238 181 394 -177 408 
-238 181 394 -177 80 
-238 181 394 -177 -896 
-238 181 394 -177 -904 
-238 181 394 408 80 
-238 181 394 408 -896 
-238 181 394 408 -904 
-238 181 394 80 -896 
-238 181 394 80 -904 
-238 181 394 -896 -904 
-238 181 755 -526 -177 
-238 181 755 -526 408 
-238 181 755 -526 80 
-238 181 755 -526 -896 
-238 181 755 -526 -904 
-238 181 755 -177 408 
-238 181 755 -177 80 
-238 181 755 -177 -896 
-238 181 755 -177 -904 
-238 181 755 408 80 
-238 181 755 408 -896 
-238 181 755 408 -904 
-238 181 755 80 -896 
-238 181 755 80 -904 
-238 181 755 -896 -904 
-238 181 -526 -177 408 
-238 181 -526 -177 80 
-238 181 -526 -177 -896 
-238 181 -526 -177 -904 
-238 181 -526 408 80 
-238 181 -526 408 -896 
-238 181 -526 408 -904 
-238 181 -526 80 -896 
-238 181 -526 80 -904 
-238 181 -526 -896 -904 
-238 181 -177 408 80 
-238 181 -177 408 -896 
-238 181 -177 408 -904 
-238 181 -177 80 -896 
-238 181 -177 80 -904 
-238 181 -177 -896 -904 
-238 181 408 80 -896 
-238 181 408 80 -904 
-238 181 408 -896 -904 
-238 181 80 -896 -904 
-238 412 394 755 -526 
-238 412 394 755 -177 
-238 412 394 755 408 
-238 412 394 755 80 
-238 412 394 755 -896 
-238 412 394 755 -904 
-238 412 394 -526 -177 
-238 412 394 -526 408 
-238 412 394 -526 80 
-238 412 394 -526 -896 
-238 412 394 -526 -904 
-238 412 394 -177 408 
-238 412 394 -177 80 
-238 412 394 -177 -896 
-238 412 394 -177 -904 
-238 412 394 408 80 
-238 412 394 408 -896 
-238 412 394 408 -904 
-238 412 394 80 -896 
-238 412 394 80 -904 
-238 412 394 -896 -904 
-238 412 755 -526 -177 
-238 412 755 -526 408 
-238 412 755 -526 80 
-238 412 755 -526 -896 
-238 412 755 -526 -904 
-238 412 755 -177 408 
-238 412 755 -177 80 
-238 412 755 -177 -896 
-238 412 755 -177 -904 
-238 412 755 408 80 
-238 412 755 408 -896 
-238 412 755 408 -904 
-238 412 755 80 -896 
-238 412 755 80 -904 
-238 412 755 -896 -904 
-238 412 -526 -177 408 
-238 412 -526 -177 80 
-238 412 -526 -177 -896 
-238 412 -526 -177 -904 
-238 412 -526 408 80 
-238 412 -526 408 -896 
-238 412 -526 408 -904 
-238 412 -526 80 -896 
-238 412 -526 80 -904 
-238 412 -526 -896 -904 
-238 412 -177 408 80 
-238 412 -177 408 -896 
-238 412 -177 408 -904 
-238 412 -177 80 -896 
-238 412 -177 80 -904 
-238 412 -177 -896 -904 
-238 412 408 80 -896 
-238 412 408 80 -904 
-238 412 408 -896 -904 
-238 412 80 -896 -904 
-238 394 755 -526 -177 
-238 394 755 -526 408 
-238 394 755 -526 80 
-238 394 755 -526 -896 
-238 394 755 -526 -904 
-238 394 755 -177 408 
-238 394 755 -177 80 
-238 394 755 -177 -896 
-238 394 755 -177 -904 
-238 394 755 408 80 
-238 394 755 408 -896 
-238 394 755 408 -904 
-238 394 755 80 -896 
-238 394 755 80 -904 
-238 394 755 -896 -904 
-238 394 -526 -177 408 
-238 394 -526 -177 80 
-238 394 -526 -177 -896 
-238 394 -526 -177 -904 
-238 394 -526 408 80 
-238 394 -526 408 -896 
-238 394 -526 408 -904 
-238 394 -526 80 -896 
-238 394 -526 80 -904 
-238 394 -526 -896 -904 
-238 394 -177 408 80 
-238 394 -177 408 -896 
-238 394 -177 408 -904 
-238 394 -177 80 -896 
-238 394 -177 80 -904 
-238 394 -177 -896 -904 
-238 394 408 80 -896 
-238 394 408 80 -904 
-238 394 408 -896 -904 
-238 394 80 -896 -904 
-238 755 -526 -177 408 
-238 755 -526 -177 80 
-238 755 -526 -177 -896 
-238 755 -526 -177 -904 
-238 755 -526 408 80 
-238 755 -526 408 -896 
-238 755 -526 408 -904 
-238 755 -526 80 -896 
-238 755 -526 80 -904 
-238 755 -526 -896 -904 
-238 755 -177 408 80 
-238 755 -177 408 -896 
-238 755 -177 408 -904 
-238 755 -177 80 -896 
-238 755 -177 80 -904 
-238 755 -177 -896 -904 
-238 755 408 80 -896 
-238 755 408 80 -904 
-238 755 408 -896 -904 
-238 755 80 -896 -904 
-238 -526 -177 408 80 
-238 -526 -177 408 -896 
-238 -526 -177 408 -904 
-238 -526 -177 80 -896 
-238 -526 -177 80 -904 
-238 -526 -177 -896 -904 
-238 -526 408 80 -896 
-238 -526 408 80 -904 
-238 -526 408 -896 -904 
-238 -526 80 -896 -904 
-238 -177 408 80 -896 
-238 -177 408 80 -904 
-238 -177 408 -896 -904 
-238 -177 80 -896 -904 
-238 408 80 -896 -904 
-113 181 412 394 755 
-113 181 412 394 -526 
-113 181 412 394 -177 
-113 181 412 394 408 
-113 181 412 394 80 
-113 181 412 394 -896 
-113 181 412 394 -904 
-113 181 412 755 -526 
-113 181 412 755 -177 
-113 181 412 755 408 
-113 181 412 755 80 
-113 181 412 755 -896 
-113 181 412 755 -904 
-113 181 412 -526 -177 
-113 181 412 -526 408 
-113 181 412 -526 80 
-113 181 412 -526 -896 
-113 181 412 -526 -904 
-113 181 412 -177 408 
-113 181 412 -177 80 
-113 181 412 -177 -896 
-113 181 412 -177 -904 
-113 181 412 408 80 
-113 181 412 408 -896 
-113 181 412 408 -904 
-113 181 412 80 -896 
-113 181 412 80 -904 
-113 181 412 -896 -904 
-113 181 394 755 -526 
-113 181 394 755 -177 
-113 181 394 755 408 
-113 181 394 755 80 
-113 181 394 755 -896 
-113 181 394 755 -904 
-113 181 394 -526 -177 
-113 181 394 -526 408 
-113 181 394 -526 80 
-113 181 394 -526 -896 
-113 181 394 -526 -904 
-113 181 394 -177 408 
-113 181 394 -177 80 
-113 181 394 -177 -896 
-113 181 394 -177 -904 
-113 181 394 408 80 
-113 181 394 408 -896 
-113 181 394 408 -904 
-113 181 394 80 -896 
-113 181 394 80 -904 
-113 181 394 -896 -904 
-113 181 755 -526 -177 
-113 181 755 -526 408 
-113 181 755 -526 80 
-113 181 755 -526 -896 
-113 181 755 -526 -904 
-113 181 755 -177 408 
-113 181 755 -177 80 
-113 181 755 -177 -896 
-113 181 755 -177 -904 
-113 181 755 408 80 
-113 181 755 408 -896 
-113 181 755 408 -904 
-113 181 755 80 -896 
-113 181 755 80 -904 
-113 181 755 -896 -904 
-113 181 -526 -177 408 
-113 181 -526 -177 80 
-113 181 -526 -177 -896 
-113 181 -526 -177 -904 
-113 181 -526 408 80 
-113 181 -526 408 -896 
-113 181 -526 408 -904 
-113 181 -526 80 -896 
-113 181 -526 80 -904 
-113 181 -526 -896 -904 
-113 181 -177 408 80 
-113 181 -177 408 -896 
-113 181 -177 408 -904 
-113 181 -177 80 -896 
-113 181 -177 80 -904 
-113 181 -177 -896 -904 
-113 181 408 80 -896 
-113 181 408 80 -904 
-113 181 408 -896 -904 
-113 181 80 -896 -904 
-113 412 394 755 -526 
-113 412 394 755 -177 
-113 412 394 755 408 
-113 412 394 755 80 
-113 412 394 755 -896 
-113 412 394 755 -904 
-113 412 394 -526 -177 
-113 412 394 -526 408 
-113 412 394 -526 80 
-113 412 394 -526 -896 
-113 412 394 -526 -904 
-113 412 394 -177 408 
-113 412 394 -177 80 
-113 412 394 -177 -896 
-113 412 394 -177 -904 
-113 412 394 408 80 
-113 412 394 408 -896 
-113 412 394 408 -904 
-113 412 394 80 -896 
-113 412 394 80 -904 
-113 412 394 -896 -904 
-113 412 755 -526 -177 
-113 412 755 -526 408 
-113 412 755 -526 80 
-113 412 755 -526 -896 
-113 412 755 -526 -904 
-113 412 755 -177 408 
-113 412 755 -177 80 
-113 412 755 -177 -896 
-113 412 755 -177 -904 
-113 412 755 408 80 
-113 412 755 408 -896 
-113 412 755 408 -904 
-113 412 755 80 -896 
-113 412 755 80 -904 
-113 412 755 -896 -904 
-113 412 -526 -177 408 
-113 412 -526 -177 80 
-113 412 -526 -177 -896 
-113 412 -526 -177 -904 
-113 412 -526 408 80 
-113 412 -526 408 -896 
-113 412 -526 408 -904 
-113 412 -526 80 -896 
-113 412 -526 80 -904 
-113 412 -526 -896 -904 
-113 412 -177 408 80 
-113 412 -177 408 -896 
-113 412 -177 408 -904 
-113 412 -177 80 -896 
-113 412 -177 80 -904 
-113 412 -177 -896 -904 
-113 412 408 80 -896 
-113 412 408 80 -904 
-113 412 408 -896 -904 
-113 412 80 -896 -904 
-113 394 755 -526 -177 
-113 394 755 -526 408 
-113 394 755 -526 80 
-113 394 755 -526 -896 
-113 394 755 -526 -904 
-113 394 755 -177 408 
-113 394 755 -177 80 
-113 394 755 -177 -896 
-113 394 755 -177 -904 
-113 394 755 408 80 
-113 394 755 408 -896 
-113 394 755 408 -904 
-113 394 755 80 -896 
-113 394 755 80 -904 
-113 394 755 -896 -904 
-113 394 -526 -177 408 
-113 394 -526 -177 80 
-113 394 -526 -177 -896 
-113 394 -526 -177 -904 
-113 394 -526 408 80 
-113 394 -526 408 -896 
-113 394 -526 408 -904 
-113 394 -526 80 -896 
-113 394 -526 80 -904 
-113 394 -526 -896 -904 
-113 394 -177 408 80 
-113 394 -177 408 -896 
-113 394 -177 408 -904 
-113 394 -177 80 -896 
-113 394 -177 80 -904 
-113 394 -177 -896 -904 
-113 394 408 80 -896 
-113 394 408 80 -904 
-113 394 408 -896 -904 
-113 394 80 -896 -904 
-113 755 -526 -177 408 
-113 755 -526 -177 80 
-113 755 -526 -177 -896 
-113 755 -526 -177 -904 
-113 755 -526 408 80 
-113 755 -526 408 -896 
-113 755 -526 408 -904 
-113 755 -526 80 -896 
-113 755 -526 80 -904 
-113 755 -526 -896 -904 
-113 755 -177 408 80 
-113 755 -177 408 -896 
-113 755 -177 408 -904 
-113 755 -177 80 -896 
-113 755 -177 80 -904 
-113 755 -177 -896 -904 
-113 755 408 80 -896 
-113 755 408 80 -904 
-113 755 408 -896 -904 
-113 755 80 -896 -904 
-113 -526 -177 408 80 
-113 -526 -177 408 -896 
-113 -526 -177 408 -904 
-113 -526 -177 80 -896 
-113 -526 -177 80 -904 
-113 -526 -177 -896 -904 
-113 -526 408 80 -896 
-113 -526 408 80 -904 
-113 -526 408 -896 -904 
-113 -526 80 -896 -904 
-113 -177 408 80 -896 
-113 -177 408 80 -904 
-113 -177 408 -896 -904 
-113 -177 80 -896 -904 
-113 408 80 -896 -904 
181 412 394 755 -526 
181 412 394 755 -177 
181 412 394 755 408 
181 412 394 755 80 
181 412 394 755 -896 
181 412 394 755 -904 
181 412 394 -526 -177 
181 412 394 -526 408 
181 412 394 -526 80 
181 412 394 -526 -896 
181 412 394 -526 -904 
181 412 394 -177 408 
181 412 394 -177 80 
181 412 394 -177 -896 
181 412 394 -177 -904 
181 412 394 408 80 
181 412 394 408 -896 
181 412 394 408 -904 
181 412 394 80 -896 
181 412 394 80 -904 
181 412 394 -896 -904 
181 412 755 -526 -177 
181 412 755 -526 408 
181 412 755 -526 80 
181 412 755 -526 -896 
181 412 755 -526 -904 
181 412 755 -177 408 
181 412 755 -177 80 
181 412 755 -177 -896 
181 412 755 -177 -904 
181 412 755 408 80 
181 412 755 408 -896 
181 412 755 408 -904 
181 412 755 80 -896 
181 412 755 80 -904 
181 412 755 -896 -904 
181 412 -526 -177 408 
181 412 -526 -177 80 
181 412 -526 -177 -896 
181 412 -526 -177 -904 
181 412 -526 408 80 
181 412 -526 408 -896 
181 412 -526 408 -904 
181 412 -526 80 -896 
181 412 -526 80 -904 
181 412 -526 -896 -904 
181 412 -177 408 80 
181 412 -177 408 -896 
181 412 -177 408 -904 
181 412 -177 80 -896 
181 412 -177 80 -904 
181 412 -177 -896 -904 
181 412 408 80 -896 
181 412 408 80 -904 
181 412 408 -896 -904 
181 412 80 -896 -904 
181 394 755 -526 -177 
181 394 755 -526 408 
181 394 755 -526 80 
181 394 755 -526 -896 
181 394 755 -526 -904 
181 394 755 -177 408 
181 394 755 -177 80 
181 394 755 -177 -896 
181 394 755 -177 -904 
181 394 755 408 80 
181 394 755 408 -896 
181 394 755 408 -904 
181 394 755 80 -896 
181 394 755 80 -904 
181 394 755 -896 -904 
181 394 -526 -177 408 
181 394 -526 -177 80 
181 394 -526 -177 -896 
181 394 -526 -177 -904 
181 394 -526 408 80 
181 394 -526 408 -896 
181 394 -526 408 -904 
181 394 -526 80 -896 
181 394 -526 80 -904 
181 394 -526 -896 -904 
181 394 -177 408 80 
181 394 -177 408 -896 
181 394 -177 408 -904 
181 394 -177 80 -896 
181 394 -177 80 -904 
181 394 -177 -896 -904 
181 394 408 80 -896 
181 394 408 80 -904 
181 394 408 -896 -904 
181 394 80 -896 -904 
181 755 -526 -177 408 
181 755 -526 -177 80 
181 755 -526 -177 -896 
181 755 -526 -177 -904 
181 755 -526 408 80 
181 755 -526 408 -896 
181 755 -526 408 -904 
181 755 -526 80 -896 
181 755 -526 80 -904 
181 755 -526 -896 -904 
181 755 -177 408 80 
181 755 -177 408 -896 
181 755 -177 408 -904 
181 755 -177 80 -896 
181 755 -177 80 -904 
181 755 -177 -896 -904 
181 755 408 80 -896 
181 755 408 80 -904 
181 755 408 -896 -904 
181 755 80 -896 -904 
181 -526 -177 408 80 
181 -526 -177 408 -896 
181 -526 -177 408 -904 
181 -526 -177 80 -896 
181 -526 -177 80 -904 
181 -526 -177 -896 -904 
181 -526 408 80 -896 
181 -526 408 80 -904 
181 -526 408 -896 -904 
181 -526 80 -896 -904 
181 -177 408 80 -896 
181 -177 408 80 -904 
181 -177 408 -896 -904 
181 -177 80 -896 -904 
181 408 80 -896 -904 
412 394 755 -526 -177 
412 394 755 -526 408 
412 394 755 -526 80 
412 394 755 -526 -896 
412 394 755 -526 -904 
412 394 755 -177 408 
412 394 755 -177 80 
412 394 755 -177 -896 
412 394 755 -177 -904 
412 394 755 408 80 
412 394 755 408 -896 
412 394 755 408 -904 
412 394 755 80 -896 
412 394 755 80 -904 
412 394 755 -896 -904 
412 394 -526 -177 408 
412 394 -526 -177 80 
412 394 -526 -177 -896 
412 394 -526 -177 -904 
412 394 -526 408 80 
412 394 -526 408 -896 
412 394 -526 408 -904 
412 394 -526 80 -896 
412 394 -526 80 -904 
412 394 -526 -896 -904 
412 394 -177 408 80 
412 394 -177 408 -896 
412 394 -177 408 -904 
412 394 -177 80 -896 
412 394 -177 80 -904 
412 394 -177 -896 -904 
412 394 408 80 -896 
412 394 408 80 -904 
412 394 408 -896 -904 
412 394 80 -896 -904 
412 755 -526 -177 408 
412 755 -526 -177 80 
412 755 -526 -177 -896 
412 755 -526 -177 -904 
412 755 -526 408 80 
412 755 -526 408 -896 
412 755 -526 408 -904 
412 755 -526 80 -896 
412 755 -526 80 -904 
412 755 -526 -896 -904 
412 755 -177 408 80 
412 755 -177 408 -896 
412 755 -177 408 -904 
412 755 -177 80 -896 
412 755 -177 80 -904 
412 755 -177 -896 -904 
412 755 408 80 -896 
412 755 408 80 -904 
412 755 408 -896 -904 
412 755 80 -896 -904 
412 -526 -177 408 80 
412 -526 -177 408 -896 
412 -526 -177 408 -904 
412 -526 -177 80 -896 
412 -526 -177 80 -904 
412 -526 -177 -896 -904 
412 -526 408 80 -896 
412 -526 408 80 -904 
412 -526 408 -896 -904 
412 -526 80 -896 -904 
412 -177 408 80 -896 
412 -177 408 80 -904 
412 -177 408 -896 -904 
412 -177 80 -896 -904 
412 408 80 -896 -904 
394 755 -526 -177 408 
394 755 -526 -177 80 
394 755 -526 -177 -896 
394 755 -526 -177 -904 
394 755 -526 408 80 
394 755 -526 408 -896 
394 755 -526 408 -904 
394 755 -526 80 -896 
394 755 -526 80 -904 
394 755 -526 -896 -904 
394 755 -177 408 80 
394 755 -177 408 -896 
394 755 -177 408 -904 
394 755 -177 80 -896 
394 755 -177 80 -904 
394 755 -177 -896 -904 
394 755 408 80 -896 
394 755 408 80 -904 
394 755 408 -896 -904 
394 755 80 -896 -904 
394 -526 -177 408 80 
394 -526 -177 408 -896 
394 -526 -177 408 -904 
394 -526 -177 80 -896 
394 -526 -177 80 -904 
394 -526 -177 -896 -904 
394 -526 408 80 -896 
394 -526 408 80 -904 
394 -526 408 -896 -904 
394 -526 80 -896 -904 
394 -177 408 80 -896 
394 -177 408 80 -904 
394 -177 408 -896 -904 
394 -177 80 -896 -904 
394 408 80 -896 -904 
755 -526 -177 408 80 
755 -526 -177 408 -896 
755 -526 -177 408 -904 
755 -526 -177 80 -896 
755 -526 -177 80 -904 
755 -526 -177 -896 -904 
755 -526 408 80 -896 
755 -526 408 80 -904 
755 -526 408 -896 -904 
755 -526 80 -896 -904 
755 -177 408 80 -896 
755 -177 408 80 -904 
755 -177 408 -896 -904 
755 -177 80 -896 -904 
755 408 80 -896 -904 
-526 -177 408 80 -896 
-526 -177 408 80 -904 
-526 -177 408 -896 -904 
-526 -177 80 -896 -904 
-526 408 80 -896 -904 
-177 408 80 -896 -904 
