How many items do you have: Enter your items: Enter k: 84 957 686 
84 957 369 
84 957 -47 
84 957 -472 
84 957 -648 
84 957 -659 
84 957 -14 
84 957 653 
84 686 369 
84 686 -47 
84 686 -472 
84 686 -648 
84 686 -659 
84 686 -14 
84 686 653 
84 369 -47 
84 369 -472 
84 369 -648 
84 369 -659 
84 369 -14 
84 369 653 
84 -47 -472 
84 -47 -648 
84 -47 -659 
84 -47 -14 
84 -47 653 
84 -472 -648 
84 -472 -659 
84 -472 -14 
84 -472 653 
84 -648 -659 
84 -648 -14 
84 -648 653 
84 -659 -14 
84 -659 653 
84 -14 653 
957 686 369 
957 686 -47 
957 686 -472 
957 686 -648 
957 686 -659 
957 686 -14 
957 686 653 
957 369 -47 
957 369 -472 
957 369 -648 
957 369 -659 
957 369 -14 
957 369 653 
957 -47 -472 
957 -47 -648 
957 -47 -659 
957 -47 -14 
957 -47 653 
957 -472 -648 
957 -472 -659 
957 -472 -14 
957 -472 653 
957 -648 -659 
957 -648 -14 
957 -648 653 
957 -659 -14 
957 -659 653 
957 -14 653 
686 369 -47 
686 369 -472 
686 369 -648 
686 369 -659 
686 369 -14 
686 369 653 
686 -47 -472 
686 -47 -648 
686 -47 -659 
686 -47 -14 
686 -47 653 
686 -472 -648 
686 -472 -659 
686 -472 -14 
686 -472 653 
686 -648 -659 
686 -648 -14 
686 -648 653 
686 -659 -14 
686 -659 653 
686 -14 653 
369 -47 -472 
369 -47 -648 
369 -47 -659 
369 -47 -14 
369 -47 653 
369 -472 -648 
369 -472 -659 
369 -472 -14 
369 -472 653 
369 -648 -659 
369 -648 -14 
369 -648 653 
369 -659 -14 
369 -659 653 
369 -14 653 
-47 -472 -648 
-47 -472 -659 
-47 -472 -14 
-47 -472 653 
-47 -648 -659 
-47 -648 -14 
-47 -648 653 
-47 -659 -14 
-47 -659 653 
-47 -14 653 
-472 -648 -659 
-472 -648 -14 
-472 -648 653 
-472 -659 -14 
-472 -659 653 
-472 -14 653 
-648 -659 -14 
-648 -659 653 
-648 -14 653 
-659 -14 653 
