How many items do you have: Enter your items: Enter k: 280 793 -743 -241 -233 
280 793 -743 -241 -692 
280 793 -743 -241 -71 
280 793 -743 -241 471 
280 793 -743 -241 421 
280 793 -743 -241 284 
280 793 -743 -241 -1 
280 793 -743 -233 -692 
280 793 -743 -233 -71 
280 793 -743 -233 471 
280 793 -743 -233 421 
280 793 -743 -233 284 
280 793 -743 -233 -1 
280 793 -743 -692 -71 
280 793 -743 -692 471 
280 793 -743 -692 421 
280 793 -743 -692 284 
280 793 -743 -692 -1 
280 793 -743 -71 471 
280 793 -743 -71 421 
280 793 -743 -71 284 
280 793 -743 -71 -1 
280 793 -743 471 421 
280 793 -743 471 284 
280 793 -743 471 -1 
280 793 -743 421 284 
280 793 -743 421 -1 
280 793 -743 284 -1 
280 793 -241 -233 -692 
280 793 -241 -233 -71 
280 793 -241 -233 471 
280 793 -241 -233 421 
280 793 -241 -233 284 
280 793 -241 -233 -1 
280 793 -241 -692 -71 
280 793 -241 -692 471 
280 793 -241 -692 421 
280 793 -241 -692 284 
280 793 -241 -692 -1 
280 793 -241 -71 471 
280 793 -241 -71 421 
280 793 -241 -71 284 
280 793 -241 -71 -1 
280 793 -241 471 421 
280 793 -241 471 284 
280 793 -241 471 -1 
280 793 -241 421 284 
280 793 -241 421 -1 
280 793 -241 284 -1 
280 793 -233 -692 -71 
280 793 -233 -692 471 
280 793 -233 -692 421 
280 793 -233 -692 284 
280 793 -233 -692 -1 
280 793 -233 -71 471 
280 793 -233 -71 421 
280 793 -233 -71 284 
280 793 -233 -71 -1 
280 793 -233 471 421 
280 793 -233 471 284 
280 793 -233 471 -1 
280 793 -233 421 284 
280 793 -233 421 -1 
280 793 -233 284 -1 
280 793 -692 -71 471 
280 793 -692 -71 421 
280 793 -692 -71 284 
280 793 -692 -71 -1 
280 793 -692 471 421 
280 793 -692 471 284 
280 793 -692 471 -1 
280 793 -692 421 284 
280 793 -692 421 -1 
280 793 -692 284 -1 
280 793 -71 471 421 
280 793 -71 471 284 
280 793 -71 471 -1 
280 793 -71 421 284 
280 793 -71 421 -1 
280 793 -71 284 -1 
280 793 471 421 284 
280 793 471 421 -1 
280 793 471 284 -1 
280 793 421 284 -1 
280 -743 -241 -233 -692 
280 -743 -241 -233 -71 
280 -743 -241 -233 471 
280 -743 -241 -233 421 
280 -743 -241 -233 284 
280 -743 -241 -233 -1 
280 -743 -241 -692 -71 
280 -743 -241 -692 471 
280 -743 -241 -692 421 
280 -743 -241 -692 284 
280 -743 -241 -692 -1 
280 -743 -241 -71 471 
280 -743 -241 -71 421 
280 -743 -241 -71 284 
280 -743 -241 -71 -1 
280 -743 -241 471 421 
280 -743 -241 471 284 
280 -743 -241 471 -1 
280 -743 -241 421 284 
280 -743 -241 421 -1 
280 -743 -241 284 -1 
280 -743 -233 -692 -71 
280 -743 -233 -692 471 
280 -743 -233 -692 421 
280 -743 -233 -692 284 
280 -743 -233 -692 -1 
280 -743 -233 -71 471 
280 -743 -233 -71 421 
280 -743 -233 -71 284 
280 -743 -233 -71 -1 
280 -743 -233 471 421 
280 -743 -233 471 284 
280 -743 -233 471 -1 
280 -743 -233 421 284 
280 -743 -233 421 -1 
280 -743 -233 284 -1 
280 -743 -692 -71 471 
280 -743 -692 -71 421 
280 -743 -692 -71 284 
280 -743 -692 -71 -1 
280 -743 -692 471 421 
280 -743 -692 471 284 
280 -743 -692 471 -1 
280 -743 -692 421 284 
280 -743 -692 421 -1 
280 -743 -692 284 -1 
280 -743 -71 471 421 
280 -743 -71 471 284 
280 -743 -71 471 -1 
280 -743 -71 421 284 
280 -743 -71 421 -1 
280 -743 -71 284 -1 
280 -743 471 421 284 
280 -743 471 421 -1 
280 -743 471 284 -1 
280 -743 421 284 -1 
280 -241 -233 -692 -71 
280 -241 -233 -692 471 
280 -241 -233 -692 421 
280 -241 -233 -692 284 
280 -241 -233 -692 -1 
280 -241 -233 -71 471 
280 -241 -233 -71 421 
280 -241 -233 -71 284 
280 -241 -233 -71 -1 
280 -241 -233 471 421 
280 -241 -233 471 284 
280 -241 -233 471 -1 
280 -241 -233 421 284 
280 -241 -233 421 -1 
280 -241 -233 284 -1 
280 -241 -692 -71 471 
280 -241 -692 -71 421 
280 -241 -692 -71 284 
280 -241 -692 -71 -1 
280 -241 -692 471 421 
280 -241 -692 471 284 
280 -241 -692 471 -1 
280 -241 -692 421 284 
280 -241 -692 421 -1 
280 -241 -692 284 -1 
280 -241 -71 471 421 
280 -241 -71 471 284 
280 -241 -71 471 -1 
280 -241 -71 421 284 
280 -241 -71 421 -1 
280 -241 -71 284 -1 
280 -241 471 421 284 
280 -241 471 421 -1 
280 -241 471 284 -1 
280 -241 421 284 -1 
280 -233 -692 -71 471 
280 -233 -692 -71 421 
280 -233 -692 -71 284 
280 -233 -692 -71 -1 
280 -233 -692 471 421 
280 -233 -692 471 284 
280 -233 -692 471 -1 
280 -233 -692 421 284 
280 -233 -692 421 -1 
280 -233 -692 284 -1 
280 -233 -71 471 421 
280 -233 -71 471 284 
280 -233 -71 471 -1 
280 -233 -71 421 284 
280 -233 -71 421 -1 
280 -233 -71 284 -1 
280 -233 471 421 284 
280 -233 471 421 -1 
280 -233 471 284 -1 
280 -233 421 284 -1 
280 -692 -71 471 421 
280 -692 -71 471 284 
280 -692 -71 471 -1 
280 -692 -71 421 284 
280 -692 -71 421 -1 
280 -692 -71 284 -1 
280 -692 471 421 284 
280 -692 471 421 -1 
280 -692 471 284 -1 
280 -692 421 284 -1 
280 -71 471 421 284 
280 -71 471 421 -1 
280 -71 471 284 -1 
280 -71 421 284 -1 
280 471 421 284 -1 
793 -743 -241 -233 -692 
793 -743 -241 -233 -71 
793 -743 -241 -233 471 
793 -743 -241 -233 421 
793 -743 -241 -233 284 
793 -743 -241 -233 -1 
793 -743 -241 -692 -71 
793 -743 -241 -692 471 
793 -743 -241 -692 421 
793 -743 -241 -692 284 
793 -743 -241 -692 -1 
793 -743 -241 -71 471 
793 -743 -241 -71 421 
793 -743 -241 -71 284 
793 -743 -241 -71 -1 
793 -743 -241 471 421 
793 -743 -241 471 284 
793 -743 -241 471 -1 
793 -743 -241 421 284 
793 -743 -241 421 -1 
793 -743 -241 284 -1 
793 -743 -233 -692 -71 
793 -743 -233 -692 471 
793 -743 -233 -692 421 
793 -743 -233 -692 284 
793 -743 -233 -692 -1 
793 -743 -233 -71 471 
793 -743 -233 -71 421 
793 -743 -233 -71 284 
793 -743 -233 -71 -1 
793 -743 -233 471 421 
793 -743 -233 471 284 
793 -743 -233 471 -1 
793 -743 -233 421 284 
793 -743 -233 421 -1 
793 -743 -233 284 -1 
793 -743 -692 -71 471 
793 -743 -692 -71 421 
793 -743 -692 -71 284 
793 -743 -692 -71 -1 
793 -743 -692 471 421 
793 -743 -692 471 284 
793 -743 -692 471 -1 
793 -743 -692 421 284 
793 -743 -692 421 -1 
793 -743 -692 284 -1 
793 -743 -71 471 421 
793 -743 -71 471 284 
793 -743 -71 471 -1 
793 -743 -71 421 284 
793 -743 -71 421 -1 
793 -743 -71 284 -1 
793 -743 471 421 284 
793 -743 471 421 -1 
793 -743 471 284 -1 
793 -743 421 284 -1 
793 -241 -233 -692 -71 
793 -241 -233 -692 471 
793 -241 -233 -692 421 
793 -241 -233 -692 284 
793 -241 -233 -692 -1 
793 -241 -233 -71 471 
793 -241 -233 -71 421 
793 -241 -233 -71 284 
793 -241 -233 -71 -1 
793 -241 -233 471 421 
793 -241 -233 471 284 
793 -241 -233 471 -1 
793 -241 -233 421 284 
793 -241 -233 421 -1 
793 -241 -233 284 -1 
793 -241 -692 -71 471 
793 -241 -692 -71 421 
793 -241 -692 -71 284 
793 -241 -692 -71 -1 
793 -241 -692 471 421 
793 -241 -692 471 284 
793 -241 -692 471 -1 
793 -241 -692 421 284 
793 -241 -692 421 -1 
793 -241 -692 284 -1 
793 -241 -71 471 421 
793 -241 -71 471 284 
793 -241 -71 471 -1 
793 -241 -71 421 284 
793 -241 -71 421 -1 
793 -241 -71 284 -1 
793 -241 471 421 284 
793 -241 471 421 -1 
793 -241 471 284 -1 
793 -241 421 284 -1 
793 -233 -692 -71 471 
793 -233 -692 -71 421 
793 -233 -692 -71 284 
793 -233 -692 -71 -1 
793 -233 -692 471 421 
793 -233 -692 471 284 
793 -233 -692 471 -1 
793 -233 -692 421 284 
793 -233 -692 421 -1 
793 -233 -692 284 -1 
793 -233 -71 471 421 
793 -233 -71 471 284 
793 -233 -71 471 -1 
793 -233 -71 421 284 
793 -233 -71 421 -1 
793 -233 -71 284 -1 
793 -233 471 421 284 
793 -233 471 421 -1 
793 -233 471 284 -1 
793 -233 421 284 -1 
793 -692 -71 471 421 
793 -692 -71 471 284 
793 -692 -71 471 -1 
793 -692 -71 421 284 
793 -692 -71 421 -1 
793 -692 -71 284 -1 
793 -692 471 421 284 
793 -692 471 421 -1 
793 -692 471 284 -1 
793 -692 421 284 -1 
793 -71 471 421 284 
793 -71 471 421 -1 
793 -71 471 284 -1 
793 -71 421 284 -1 
793 471 421 284 -1 
-743 -241 -233 -692 -71 
-743 -241 -233 -692 471 
-743 -241 -233 -692 421 
-743 -241 -233 -692 284 
-743 -241 -233 -692 -1 
-743 -241 -233 -71 471 
-743 -241 -233 -71 421 
-743 -241 -233 -71 284 
-743 -241 -233 -71 -1 
-743 -241 -233 471 421 
-743 -241 -233 471 284 
-743 -241 -233 471 -1 
-743 -241 -233 421 284 
-743 -241 -233 421 -1 
-743 -241 -233 284 -1 
-743 -241 -692 -71 471 
-743 -241 -692 -71 421 
-743 -241 -692 -71 284 
-743 -241 -692 -71 -1 
-743 -241 -692 471 421 
-743 -241 -692 471 284 
-743 -241 -692 471 -1 
-743 -241 -692 421 284 
-743 -241 -692 421 -1 
-743 -241 -692 284 -1 
-743 -241 -71 471 421 
-743 -241 -71 471 284 
-743 -241 -71 471 -1 
-743 -241 -71 421 284 
-743 -241 -71 421 -1 
-743 -241 -71 284 -1 
-743 -241 471 421 284 
-743 -241 471 421 -1 
-743 -241 471 284 -1 
-743 -241 421 284 -1 
-743 -233 -692 -71 471 
-743 -233 -692 -71 421 
-743 -233 -692 -71 284 
-743 -233 -692 -71 -1 
-743 -233 -692 471 421 
-743 -233 -692 471 284 
-743 -233 -692 471 -1 
-743 -233 -692 421 284 
-743 -233 -692 421 -1 
-743 -233 -692 284 -1 
-743 -233 -71 471 421 
-743 -233 -71 471 284 
-743 -233 -71 471 -1 
-743 -233 -71 421 284 
-743 -233 -71 421 -1 
-743 -233 -71 284 -1 
-743 -233 471 421 284 
-743 -233 471 421 -1 
-743 -233 471 284 -1 
-743 -233 421 284 -1 
-743 -692 -71 471 421 
-743 -692 -71 471 284 
-743 -692 -71 471 -1 
-743 -692 -71 421 284 
-743 -692 -71 421 -1 
-743 -692 -71 284 -1 
-743 -692 471 421 284 
-743 -692 471 421 -1 
-743 -692 471 284 -1 
-743 -692 421 284 -1 
-743 -71 471 421 284 
-743 -71 471 421 -1 
-743 -71 471 284 -1 
-743 -71 421 284 -1 
-743 471 421 284 -1 
-241 -233 -692 -71 471 
-241 -233 -692 -71 421 
-241 -233 -692 -71 284 
-241 -233 -692 -71 -1 
-241 -233 -692 471 421 
-241 -233 -692 471 284 
-241 -233 -692 471 -1 
-241 -233 -692 421 284 
-241 -233 -692 421 -1 
-241 -233 -692 284 -1 
-241 -233 -71 471 421 
-241 -233 -71 471 284 
-241 -233 -71 471 -1 
-241 -233 -71 421 284 
-241 -233 -71 421 -1 
-241 -233 -71 284 -1 
-241 -233 471 421 284 
-241 -233 471 421 -1 
-241 -233 471 284 -1 
-241 -233 421 284 -1 
-241 -692 -71 471 421 
-241 -692 -71 471 284 
-241 -692 -71 471 -1 
-241 -692 -71 421 284 
-241 -692 -71 421 -1 
-241 -692 -71 284 -1 
-241 -692 471 421 284 
-241 -692 471 421 -1 
-241 -692 471 284 -1 
-241 -692 421 284 -1 
-241 -71 471 421 284 
-241 -71 471 421 -1 
-241 -71 471 284 -1 
-241 -71 421 284 -1 
-241 471 421 284 -1 
-233 -692 -71 471 421 
-233 -692 -71 471 284 
-233 -692 -71 471 -1 
-233 -692 -71 421 284 
-233 -692 -71 421 -1 
-233 -692 -71 284 -1 
-233 -692 471 421 284 
-233 -692 471 421 -1 
-233 -692 471 284 -1 
-233 -692 421 284 -1 
-233 -71 471 421 284 
-233 -71 471 421 -1 
-233 -71 471 284 -1 
-233 -71 421 284 -1 
-233 471 421 284 -1 
-692 -71 471 421 284 
-692 -71 471 421 -1 
-692 -71 471 284 -1 
-692 -71 421 284 -1 
-692 471 421 284 -1 
-71 471 421 284 -1 
