How many items do you have: Enter your items: Enter k: 771 -450 -301 
771 -450 -197 
771 -450 61 
771 -450 -898 
771 -450 -449 
771 -450 52 
771 -450 127 
771 -301 -197 
771 -301 61 
771 -301 -898 
771 -301 -449 
771 -301 52 
771 -301 127 
771 -197 61 
771 -197 -898 
771 -197 -449 
771 -197 52 
771 -197 127 
771 61 -898 
771 61 -449 
771 61 52 
771 61 127 
771 -898 -449 
771 -898 52 
771 -898 127 
771 -449 52 
771 -449 127 
771 52 127 
-450 -301 -197 
-450 -301 61 
-450 -301 -898 
-450 -301 -449 
-450 -301 52 
-450 -301 127 
-450 -197 61 
-450 -197 -898 
-450 -197 -449 
-450 -197 52 
-450 -197 127 
-450 61 -898 
-450 61 -449 
-450 61 52 
-450 61 127 
-450 -898 -449 
-450 -898 52 
-450 -898 127 
-450 -449 52 
-450 -449 127 
-450 52 127 
-301 -197 61 
-301 -197 -898 
-301 -197 -449 
-301 -197 52 
-301 -197 127 
-301 61 -898 
-301 61 -449 
-301 61 52 
-301 61 127 
-301 -898 -449 
-301 -898 52 
-301 -898 127 
-301 -449 52 
-301 -449 127 
-301 52 127 
-197 61 -898 
-197 61 -449 
-197 61 52 
-197 61 127 
-197 -898 -449 
-197 -898 52 
-197 -898 127 
-197 -449 52 
-197 -449 127 
-197 52 127 
61 -898 -449 
61 -898 52 
61 -898 127 
61 -449 52 
61 -449 127 
61 52 127 
-898 -449 52 
-898 -449 127 
-898 52 127 
-449 52 127 
