How many items do you have: Enter your items: Enter k: -131 -384 265 103 -675 -496 776 
-131 -384 265 103 -675 -496 710 
-131 -384 265 103 -675 -496 -505 
-131 -384 265 103 -675 -496 155 
-131 -384 265 103 -675 -496 244 
-131 -384 265 103 -675 -496 -512 
-131 -384 265 103 -675 -496 234 
-131 -384 265 103 -675 776 710 
-131 -384 265 103 -675 776 -505 
-131 -384 265 103 -675 776 155 
-131 -384 265 103 -675 776 244 
-131 -384 265 103 -675 776 -512 
-131 -384 265 103 -675 776 234 
-131 -384 265 103 -675 710 -505 
-131 -384 265 103 -675 710 155 
-131 -384 265 103 -675 710 244 
-131 -384 265 103 -675 710 -512 
-131 -384 265 103 -675 710 234 
-131 -384 265 103 -675 -505 155 
-131 -384 265 103 -675 -505 244 
-131 -384 265 103 -675 -505 -512 
-131 -384 265 103 -675 -505 234 
-131 -384 265 103 -675 155 244 
-131 -384 265 103 -675 155 -512 
-131 -384 265 103 -675 155 234 
-131 -384 265 103 -675 244 -512 
-131 -384 265 103 -675 244 234 
-131 -384 265 103 -675 -512 234 
-131 -384 265 103 -496 776 710 
-131 -384 265 103 -496 776 -505 
-131 -384 265 103 -496 776 155 
-131 -384 265 103 -496 776 244 
-131 -384 265 103 -496 776 -512 
-131 -384 265 103 -496 776 234 
-131 -384 265 103 -496 710 -505 
-131 -384 265 103 -496 710 155 
-131 -384 265 103 -496 710 244 
-131 -384 265 103 -496 710 -512 
-131 -384 265 103 -496 710 234 
-131 -384 265 103 -496 -505 155 
-131 -384 265 103 -496 -505 244 
-131 -384 265 103 -496 -505 -512 
-131 -384 265 103 -496 -505 234 
-131 -384 265 103 -496 155 244 
-131 -384 265 103 -496 155 -512 
-131 -384 265 103 -496 155 234 
-131 -384 265 103 -496 244 -512 
-131 -384 265 103 -496 244 234 
-131 -384 265 103 -496 -512 234 
-131 -384 265 103 776 710 -505 
-131 -384 265 103 776 710 155 
-131 -384 265 103 776 710 244 
-131 -384 265 103 776 710 -512 
-131 -384 265 103 776 710 234 
-131 -384 265 103 776 -505 155 
-131 -384 265 103 776 -505 244 
-131 -384 265 103 776 -505 -512 
-131 -384 265 103 776 -505 234 
-131 -384 265 103 776 155 244 
-131 -384 265 103 776 155 -512 
-131 -384 265 103 776 155 234 
-131 -384 265 103 776 244 -512 
-131 -384 265 103 776 244 234 
-131 -384 265 103 776 -512 234 
-131 -384 265 103 710 -505 155 
-131 -384 265 103 710 -505 244 
-131 -384 265 103 710 -505 -512 
-131 -384 265 103 710 -505 234 
-131 -384 265 103 710 155 244 
-131 -384 265 103 710 155 -512 
-131 -384 265 103 710 155 234 
-131 -384 265 103 710 244 -512 
-131 -384 265 103 710 244 234 
-131 -384 265 103 710 -512 234 
-131 -384 265 103 -505 155 244 
-131 -384 265 103 -505 155 -512 
-131 -384 265 103 -505 155 234 
-131 -384 265 103 -505 244 -512 
-131 -384 265 103 -505 244 234 
-131 -384 265 103 -505 -512 234 
-131 -384 265 103 155 244 -512 
-131 -384 265 103 155 244 234 
-131 -384 265 103 155 -512 234 
-131 -384 265 103 244 -512 234 
-131 -384 265 -675 -496 776 710 
-131 -384 265 -675 -496 776 -505 
-131 -384 265 -675 -496 776 155 
-131 -384 265 -675 -496 776 244 
-131 -384 265 -675 -496 776 -512 
-131 -384 265 -675 -496 776 234 
-131 -384 265 -675 -496 710 -505 
-131 -384 265 -675 -496 710 155 
-131 -384 265 -675 -496 710 244 
-131 -384 265 -675 -496 710 -512 
-131 -384 265 -675 -496 710 234 
-131 -384 265 -675 -496 -505 155 
-131 -384 265 -675 -496 -505 244 
-131 -384 265 -675 -496 -505 -512 
-131 -384 265 -675 -496 -505 234 
-131 -384 265 -675 -496 155 244 
-131 -384 265 -675 -496 155 -512 
-131 -384 265 -675 -496 155 234 
-131 -384 265 -675 -496 244 -512 
-131 -384 265 -675 -496 244 234 
-131 -384 265 -675 -496 -512 234 
-131 -384 265 -675 776 710 -505 
-131 -384 265 -675 776 710 155 
-131 -384 265 -675 776 710 244 
-131 -384 265 -675 776 710 -512 
-131 -384 265 -675 776 710 234 
-131 -384 265 -675 776 -505 155 
-131 -384 265 -675 776 -505 244 
-131 -384 265 -675 776 -505 -512 
-131 -384 265 -675 776 -505 234 
-131 -384 265 -675 776 155 244 
-131 -384 265 -675 776 155 -512 
-131 -384 265 -675 776 155 234 
-131 -384 265 -675 776 244 -512 
-131 -384 265 -675 776 244 234 
-131 -384 265 -675 776 -512 234 
-131 -384 265 -675 710 -505 155 
-131 -384 265 -675 710 -505 244 
-131 -384 265 -675 710 -505 -512 
-131 -384 265 -675 710 -505 234 
-131 -384 265 -675 710 155 244 
-131 -384 265 -675 710 155 -512 
-131 -384 265 -675 710 155 234 
-131 -384 265 -675 710 244 -512 
-131 -384 265 -675 710 244 234 
-131 -384 265 -675 710 -512 234 
-131 -384 265 -675 -505 155 244 
-131 -384 265 -675 -505 155 -512 
-131 -384 265 -675 -505 155 234 
-131 -384 265 -675 -505 244 -512 
-131 -384 265 -675 -505 244 234 
-131 -384 265 -675 -505 -512 234 
-131 -384 265 -675 155 244 -512 
-131 -384 265 -675 155 244 234 
-131 -384 265 -675 155 -512 234 
-131 -384 265 -675 244 -512 234 
-131 -384 265 -496 776 710 -505 
-131 -384 265 -496 776 710 155 
-131 -384 265 -496 776 710 244 
-131 -384 265 -496 776 710 -512 
-131 -384 265 -496 776 710 234 
-131 -384 265 -496 776 -505 155 
-131 -384 265 -496 776 -505 244 
-131 -384 265 -496 776 -505 -512 
-131 -384 265 -496 776 -505 234 
-131 -384 265 -496 776 155 244 
-131 -384 265 -496 776 155 -512 
-131 -384 265 -496 776 155 234 
-131 -384 265 -496 776 244 -512 
-131 -384 265 -496 776 244 234 
-131 -384 265 -496 776 -512 234 
-131 -384 265 -496 710 -505 155 
-131 -384 265 -496 710 -505 244 
-131 -384 265 -496 710 -505 -512 
-131 -384 265 -496 710 -505 234 
-131 -384 265 -496 710 155 244 
-131 -384 265 -496 710 155 -512 
-131 -384 265 -496 710 155 234 
-131 -384 265 -496 710 244 -512 
-131 -384 265 -496 710 244 234 
-131 -384 265 -496 710 -512 234 
-131 -384 265 -496 -505 155 244 
-131 -384 265 -496 -505 155 -512 
-131 -384 265 -496 -505 155 234 
-131 -384 265 -496 -505 244 -512 
-131 -384 265 -496 -505 244 234 
-131 -384 265 -496 -505 -512 234 
-131 -384 265 -496 155 244 -512 
-131 -384 265 -496 155 244 234 
-131 -384 265 -496 155 -512 234 
-131 -384 265 -496 244 -512 234 
-131 -384 265 776 710 -505 155 
-131 -384 265 776 710 -505 244 
-131 -384 265 776 710 -505 -512 
-131 -384 265 776 710 -505 234 
-131 -384 265 776 710 155 244 
-131 -384 265 776 710 155 -512 
-131 -384 265 776 710 155 234 
-131 -384 265 776 710 244 -512 
-131 -384 265 776 710 244 234 
-131 -384 265 776 710 -512 234 
-131 -384 265 776 -505 155 244 
-131 -384 265 776 -505 155 -512 
-131 -384 265 776 -505 155 234 
-131 -384 265 776 -505 244 -512 
-131 -384 265 776 -505 244 234 
-131 -384 265 776 -505 -512 234 
-131 -384 265 776 155 244 -512 
-131 -384 265 776 155 244 234 
-131 -384 265 776 155 -512 234 
-131 -384 265 776 244 -512 234 
-131 -384 265 710 -505 155 244 
-131 -384 265 710 -505 155 -512 
-131 -384 265 710 -505 155 234 
-131 -384 265 710 -505 244 -512 
-131 -384 265 710 -505 244 234 
-131 -384 265 710 -505 -512 234 
-131 -384 265 710 155 244 -512 
-131 -384 265 710 155 244 234 
-131 -384 265 710 155 -512 234 
-131 -384 265 710 244 -512 234 
-131 -384 265 -505 155 244 -512 
-131 -384 265 -505 155 244 234 
-131 -384 265 -505 155 -512 234 
-131 -384 265 -505 244 -512 234 
-131 -384 265 155 244 -512 234 
-131 -384 103 -675 -496 776 710 
-131 -384 103 -675 -496 776 -505 
-131 -384 103 -675 -496 776 155 
-131 -384 103 -675 -496 776 244 
-131 -384 103 -675 -496 776 -512 
-131 -384 103 -675 -496 776 234 
-131 -384 103 -675 -496 710 -505 
-131 -384 103 -675 -496 710 155 
-131 -384 103 -675 -496 710 244 
-131 -384 103 -675 -496 710 -512 
-131 -384 103 -675 -496 710 234 
-131 -384 103 -675 -496 -505 155 
-131 -384 103 -675 -496 -505 244 
-131 -384 103 -675 -496 -505 -512 
-131 -384 103 -675 -496 -505 234 
-131 -384 103 -675 -496 155 244 
-131 -384 103 -675 -496 155 -512 
-131 -384 103 -675 -496 155 234 
-131 -384 103 -675 -496 244 -512 
-131 -384 103 -675 -496 244 234 
-131 -384 103 -675 -496 -512 234 
-131 -384 103 -675 776 710 -505 
-131 -384 103 -675 776 710 155 
-131 -384 103 -675 776 710 244 
-131 -384 103 -675 776 710 -512 
-131 -384 103 -675 776 710 234 
-131 -384 103 -675 776 -505 155 
-131 -384 103 -675 776 -505 244 
-131 -384 103 -675 776 -505 -512 
-131 -384 103 -675 776 -505 234 
-131 -384 103 -675 776 155 244 
-131 -384 103 -675 776 155 -512 
-131 -384 103 -675 776 155 234 
-131 -384 103 -675 776 244 -512 
-131 -384 103 -675 776 244 234 
-131 -384 103 -675 776 -512 234 
-131 -384 103 -675 710 -505 155 
-131 -384 103 -675 710 -505 244 
-131 -384 103 -675 710 -505 -512 
-131 -384 103 -675 710 -505 234 
-131 -384 103 -675 710 155 244 
-131 -384 103 -675 710 155 -512 
-131 -384 103 -675 710 155 234 
-131 -384 103 -675 710 244 -512 
-131 -384 103 -675 710 244 234 
-131 -384 103 -675 710 -512 234 
-131 -384 103 -675 -505 155 244 
-131 -384 103 -675 -505 155 -512 
-131 -384 103 -675 -505 155 234 
-131 -384 103 -675 -505 244 -512 
-131 -384 103 -675 -505 244 234 
-131 -384 103 -675 -505 -512 234 
-131 -384 103 -675 155 244 -512 
-131 -384 103 -675 155 244 234 
-131 -384 103 -675 155 -512 234 
-131 -384 103 -675 244 -512 234 
-131 -384 103 -496 776 710 -505 
-131 -384 103 -496 776 710 155 
-131 -384 103 -496 776 710 244 
-131 -384 103 -496 776 710 -512 
-131 -384 103 -496 776 710 234 
-131 -384 103 -496 776 -505 155 
-131 -384 103 -496 776 -505 244 
-131 -384 103 -496 776 -505 -512 
-131 -384 103 -496 776 -505 234 
-131 -384 103 -496 776 155 244 
-131 -384 103 -496 776 155 -512 
-131 -384 103 -496 776 155 234 
-131 -384 103 -496 776 244 -512 
-131 -384 103 -496 776 244 234 
-131 -384 103 -496 776 -512 234 
-131 -384 103 -496 710 -505 155 
-131 -384 103 -496 710 -505 244 
-131 -384 103 -496 710 -505 -512 
-131 -384 103 -496 710 -505 234 
-131 -384 103 -496 710 155 244 
-131 -384 103 -496 710 155 -512 
-131 -384 103 -496 710 155 234 
-131 -384 103 -496 710 244 -512 
-131 -384 103 -496 710 244 234 
-131 -384 103 -496 710 -512 234 
-131 -384 103 -496 -505 155 244 
-131 -384 103 -496 -505 155 -512 
-131 -384 103 -496 -505 155 234 
-131 -384 103 -496 -505 244 -512 
-131 -384 103 -496 -505 244 234 
-131 -384 103 -496 -505 -512 234 
-131 -384 103 -496 155 244 -512 
-131 -384 103 -496 155 244 234 
-131 -384 103 -496 155 -512 234 
-131 -384 103 -496 244 -512 234 
-131 -384 103 776 710 -505 155 
-131 -384 103 776 710 -505 244 
-131 -384 103 776 710 -505 -512 
-131 -384 103 776 710 -505 234 
-131 -384 103 776 710 155 244 
-131 -384 103 776 710 155 -512 
-131 -384 103 776 710 155 234 
-131 -384 103 776 710 244 -512 
-131 -384 103 776 710 244 234 
-131 -384 103 776 710 -512 234 
-131 -384 103 776 -505 155 244 
-131 -384 103 776 -505 155 -512 
-131 -384 103 776 -505 155 234 
-131 -384 103 776 -505 244 -512 
-131 -384 103 776 -505 244 234 
-131 -384 103 776 -505 -512 234 
-131 -384 103 776 155 244 -512 
-131 -384 103 776 155 244 234 
-131 -384 103 776 155 -512 234 
-131 -384 103 776 244 -512 234 
-131 -384 103 710 -505 155 244 
-131 -384 103 710 -505 155 -512 
-131 -384 103 710 -505 155 234 
-131 -384 103 710 -505 244 -512 
-131 -384 103 710 -505 244 234 
-131 -384 103 710 -505 -512 234 
-131 -384 103 710 155 244 -512 
-131 -384 103 710 155 244 234 
-131 -384 103 710 155 -512 234 
-131 -384 103 710 244 -512 234 
-131 -384 103 -505 155 244 -512 
-131 -384 103 -505 155 244 234 
-131 -384 103 -505 155 -512 234 
-131 -384 103 -505 244 -512 234 
-131 -384 103 155 244 -512 234 
-131 -384 -675 -496 776 710 -505 
-131 -384 -675 -496 776 710 155 
-131 -384 -675 -496 776 710 244 
-131 -384 -675 -496 776 710 -512 
-131 -384 -675 -496 776 710 234 
-131 -384 -675 -496 776 -505 155 
-131 -384 -675 -496 776 -505 244 
-131 -384 -675 -496 776 -505 -512 
-131 -384 -675 -496 776 -505 234 
-131 -384 -675 -496 776 155 244 
-131 -384 -675 -496 776 155 -512 
-131 -384 -675 -496 776 155 234 
-131 -384 -675 -496 776 244 -512 
-131 -384 -675 -496 776 244 234 
-131 -384 -675 -496 776 -512 234 
-131 -384 -675 -496 710 -505 155 
-131 -384 -675 -496 710 -505 244 
-131 -384 -675 -496 710 -505 -512 
-131 -384 -675 -496 710 -505 234 
-131 -384 -675 -496 710 155 244 
-131 -384 -675 -496 710 155 -512 
-131 -384 -675 -496 710 155 234 
-131 -384 -675 -496 710 244 -512 
-131 -384 -675 -496 710 244 234 
-131 -384 -675 -496 710 -512 234 
-131 -384 -675 -496 -505 155 244 
-131 -384 -675 -496 -505 155 -512 
-131 -384 -675 -496 -505 155 234 
-131 -384 -675 -496 -505 244 -512 
-131 -384 -675 -496 -505 244 234 
-131 -384 -675 -496 -505 -512 234 
-131 -384 -675 -496 155 244 -512 
-131 -384 -675 -496 155 244 234 
-131 -384 -675 -496 155 -512 234 
-131 -384 -675 -496 244 -512 234 
-131 -384 -675 776 710 -505 155 
-131 -384 -675 776 710 -505 244 
-131 -384 -675 776 710 -505 -512 
-131 -384 -675 776 710 -505 234 
-131 -384 -675 776 710 155 244 
-131 -384 -675 776 710 155 -512 
-131 -384 -675 776 710 155 234 
-131 -384 -675 776 710 244 -512 
-131 -384 -675 776 710 244 234 
-131 -384 -675 776 710 -512 234 
-131 -384 -675 776 -505 155 244 
-131 -384 -675 776 -505 155 -512 
-131 -384 -675 776 -505 155 234 
-131 -384 -675 776 -505 244 -512 
-131 -384 -675 776 -505 244 234 
-131 -384 -675 776 -505 -512 234 
-131 -384 -675 776 155 244 -512 
-131 -384 -675 776 155 244 234 
-131 -384 -675 776 155 -512 234 
-131 -384 -675 776 244 -512 234 
-131 -384 -675 710 -505 155 244 
-131 -384 -675 710 -505 155 -512 
-131 -384 -675 710 -505 155 234 
-131 -384 -675 710 -505 244 -512 
-131 -384 -675 710 -505 244 234 
-131 -384 -675 710 -505 -512 234 
-131 -384 -675 710 155 244 -512 
-131 -384 -675 710 155 244 234 
-131 -384 -675 710 155 -512 234 
-131 -384 -675 710 244 -512 234 
-131 -384 -675 -505 155 244 -512 
-131 -384 -675 -505 155 244 234 
-131 -384 -675 -505 155 -512 234 
-131 -384 -675 -505 244 -512 234 
-131 -384 -675 155 244 -512 234 
-131 -384 -496 776 710 -505 155 
-131 -384 -496 776 710 -505 244 
-131 -384 -496 776 710 -505 -512 
-131 -384 -496 776 710 -505 234 
-131 -384 -496 776 710 155 244 
-131 -384 -496 776 710 155 -512 
-131 -384 -496 776 710 155 234 
-131 -384 -496 776 710 244 -512 
-131 -384 -496 776 710 244 234 
-131 -384 -496 776 710 -512 234 
-131 -384 -496 776 -505 155 244 
-131 -384 -496 776 -505 155 -512 
-131 -384 -496 776 -505 155 234 
-131 -384 -496 776 -505 244 -512 
-131 -384 -496 776 -505 244 234 
-131 -384 -496 776 -505 -512 234 
-131 -384 -496 776 155 244 -512 
-131 -384 -496 776 155 244 234 
-131 -384 -496 776 155 -512 234 
-131 -384 -496 776 244 -512 234 
-131 -384 -496 710 -505 155 244 
-131 -384 -496 710 -505 155 -512 
-131 -384 -496 710 -505 155 234 
-131 -384 -496 710 -505 244 -512 
-131 -384 -496 710 -505 244 234 
-131 -384 -496 710 -505 -512 234 
-131 -384 -496 710 155 244 -512 
-131 -384 -496 710 155 244 234 
-131 -384 -496 710 155 -512 234 
-131 -384 -496 710 244 -512 234 
-131 -384 -496 -505 155 244 -512 
-131 -384 -496 -505 155 244 234 
-131 -384 -496 -505 155 -512 234 
-131 -384 -496 -505 244 -512 234 
-131 -384 -496 155 244 -512 234 
-131 -384 776 710 -505 155 244 
-131 -384 776 710 -505 155 -512 
-131 -384 776 710 -505 155 234 
-131 -384 776 710 -505 244 -512 
-131 -384 776 710 -505 244 234 
-131 -384 776 710 -505 -512 234 
-131 -384 776 710 155 244 -512 
-131 -384 776 710 155 244 234 
-131 -384 776 710 155 -512 234 
-131 -384 776 710 244 -512 234 
-131 -384 776 -505 155 244 -512 
-131 -384 776 -505 155 244 234 
-131 -384 776 -505 155 -512 234 
-131 -384 776 -505 244 -512 234 
-131 -384 776 155 244 -512 234 
-131 -384 710 -505 155 244 -512 
-131 -384 710 -505 155 244 234 
-131 -384 710 -505 155 -512 234 
-131 -384 710 -505 244 -512 234 
-131 -384 710 155 244 -512 234 
-131 -384 -505 155 244 -512 234 
-131 265 103 -675 -496 776 710 
-131 265 103 -675 -496 776 -505 
-131 265 103 -675 -496 776 155 
-131 265 103 -675 -496 776 244 
-131 265 103 -675 -496 776 -512 
-131 265 103 -675 -496 776 234 
-131 265 103 -675 -496 710 -505 
-131 265 103 -675 -496 710 155 
-131 265 103 -675 -496 710 244 
-131 265 103 -675 -496 710 -512 
-131 265 103 -675 -496 710 234 
-131 265 103 -675 -496 -505 155 
-131 265 103 -675 -496 -505 244 
-131 265 103 -675 -496 -505 -512 
-131 265 103 -675 -496 -505 234 
-131 265 103 -675 -496 155 244 
-131 265 103 -675 -496 155 -512 
-131 265 103 -675 -496 155 234 
-131 265 103 -675 -496 244 -512 
-131 265 103 -675 -496 244 234 
-131 265 103 -675 -496 -512 234 
-131 265 103 -675 776 710 -505 
-131 265 103 -675 776 710 155 
-131 265 103 -675 776 710 244 
-131 265 103 -675 776 710 -512 
-131 265 103 -675 776 710 234 
-131 265 103 -675 776 -505 155 
-131 265 103 -675 776 -505 244 
-131 265 103 -675 776 -505 -512 
-131 265 103 -675 776 -505 234 
-131 265 103 -675 776 155 244 
-131 265 103 -675 776 155 -512 
-131 265 103 -675 776 155 234 
-131 265 103 -675 776 244 -512 
-131 265 103 -675 776 244 234 
-131 265 103 -675 776 -512 234 
-131 265 103 -675 710 -505 155 
-131 265 103 -675 710 -505 244 
-131 265 103 -675 710 -505 -512 
-131 265 103 -675 710 -505 234 
-131 265 103 -675 710 155 244 
-131 265 103 -675 710 155 -512 
-131 265 103 -675 710 155 234 
-131 265 103 -675 710 244 -512 
-131 265 103 -675 710 244 234 
-131 265 103 -675 710 -512 234 
-131 265 103 -675 -505 155 244 
-131 265 103 -675 -505 155 -512 
-131 265 103 -675 -505 155 234 
-131 265 103 -675 -505 244 -512 
-131 265 103 -675 -505 244 234 
-131 265 103 -675 -505 -512 234 
-131 265 103 -675 155 244 -512 
-131 265 103 -675 155 244 234 
-131 265 103 -675 155 -512 234 
-131 265 103 -675 244 -512 234 
-131 265 103 -496 776 710 -505 
-131 265 103 -496 776 710 155 
-131 265 103 -496 776 710 244 
-131 265 103 -496 776 710 -512 
-131 265 103 -496 776 710 234 
-131 265 103 -496 776 -505 155 
-131 265 103 -496 776 -505 244 
-131 265 103 -496 776 -505 -512 
-131 265 103 -496 776 -505 234 
-131 265 103 -496 776 155 244 
-131 265 103 -496 776 155 -512 
-131 265 103 -496 776 155 234 
-131 265 103 -496 776 244 -512 
-131 265 103 -496 776 244 234 
-131 265 103 -496 776 -512 234 
-131 265 103 -496 710 -505 155 
-131 265 103 -496 710 -505 244 
-131 265 103 -496 710 -505 -512 
-131 265 103 -496 710 -505 234 
-131 265 103 -496 710 155 244 
-131 265 103 -496 710 155 -512 
-131 265 103 -496 710 155 234 
-131 265 103 -496 710 244 -512 
-131 265 103 -496 710 244 234 
-131 265 103 -496 710 -512 234 
-131 265 103 -496 -505 155 244 
-131 265 103 -496 -505 155 -512 
-131 265 103 -496 -505 155 234 
-131 265 103 -496 -505 244 -512 
-131 265 103 -496 -505 244 234 
-131 265 103 -496 -505 -512 234 
-131 265 103 -496 155 244 -512 
-131 265 103 -496 155 244 234 
-131 265 103 -496 155 -512 234 
-131 265 103 -496 244 -512 234 
-131 265 103 776 710 -505 155 
-131 265 103 776 710 -505 244 
-131 265 103 776 710 -505 -512 
-131 265 103 776 710 -505 234 
-131 265 103 776 710 155 244 
-131 265 103 776 710 155 -512 
-131 265 103 776 710 155 234 
-131 265 103 776 710 244 -512 
-131 265 103 776 710 244 234 
-131 265 103 776 710 -512 234 
-131 265 103 776 -505 155 244 
-131 265 103 776 -505 155 -512 
-131 265 103 776 -505 155 234 
-131 265 103 776 -505 244 -512 
-131 265 103 776 -505 244 234 
-131 265 103 776 -505 -512 234 
-131 265 103 776 155 244 -512 
-131 265 103 776 155 244 234 
-131 265 103 776 155 -512 234 
-131 265 103 776 244 -512 234 
-131 265 103 710 -505 155 244 
-131 265 103 710 -505 155 -512 
-131 265 103 710 -505 155 234 
-131 265 103 710 -505 244 -512 
-131 265 103 710 -505 244 234 
-131 265 103 710 -505 -512 234 
-131 265 103 710 155 244 -512 
-131 265 103 710 155 244 234 
-131 265 103 710 155 -512 234 
-131 265 103 710 244 -512 234 
-131 265 103 -505 155 244 -512 
-131 265 103 -505 155 244 234 
-131 265 103 -505 155 -512 234 
-131 265 103 -505 244 -512 234 
-131 265 103 155 244 -512 234 
-131 265 -675 -496 776 710 -505 
-131 265 -675 -496 776 710 155 
-131 265 -675 -496 776 710 244 
-131 265 -675 -496 776 710 -512 
-131 265 -675 -496 776 710 234 
-131 265 -675 -496 776 -505 155 
-131 265 -675 -496 776 -505 244 
-131 265 -675 -496 776 -505 -512 
-131 265 -675 -496 776 -505 234 
-131 265 -675 -496 776 155 244 
-131 265 -675 -496 776 155 -512 
-131 265 -675 -496 776 155 234 
-131 265 -675 -496 776 244 -512 
-131 265 -675 -496 776 244 234 
-131 265 -675 -496 776 -512 234 
-131 265 -675 -496 710 -505 155 
-131 265 -675 -496 710 -505 244 
-131 265 -675 -496 710 -505 -512 
-131 265 -675 -496 710 -505 234 
-131 265 -675 -496 710 155 244 
-131 265 -675 -496 710 155 -512 
-131 265 -675 -496 710 155 234 
-131 265 -675 -496 710 244 -512 
-131 265 -675 -496 710 244 234 
-131 265 -675 -496 710 -512 234 
-131 265 -675 -496 -505 155 244 
-131 265 -675 -496 -505 155 -512 
-131 265 -675 -496 -505 155 234 
-131 265 -675 -496 -505 244 -512 
-131 265 -675 -496 -505 244 234 
-131 265 -675 -496 -505 -512 234 
-131 265 -675 -496 155 244 -512 
-131 265 -675 -496 155 244 234 
-131 265 -675 -496 155 -512 234 
-131 265 -675 -496 244 -512 234 
-131 265 -675 776 710 -505 155 
-131 265 -675 776 710 -505 244 
-131 265 -675 776 710 -505 -512 
-131 265 -675 776 710 -505 234 
-131 265 -675 776 710 155 244 
-131 265 -675 776 710 155 -512 
-131 265 -675 776 710 155 234 
-131 265 -675 776 710 244 -512 
-131 265 -675 776 710 244 234 
-131 265 -675 776 710 -512 234 
-131 265 -675 776 -505 155 244 
-131 265 -675 776 -505 155 -512 
-131 265 -675 776 -505 155 234 
-131 265 -675 776 -505 244 -512 
-131 265 -675 776 -505 244 234 
-131 265 -675 776 -505 -512 234 
-131 265 -675 776 155 244 -512 
-131 265 -675 776 155 244 234 
-131 265 -675 776 155 -512 234 
-131 265 -675 776 244 -512 234 
-131 265 -675 710 -505 155 244 
-131 265 -675 710 -505 155 -512 
-131 265 -675 710 -505 155 234 
-131 265 -675 710 -505 244 -512 
-131 265 -675 710 -505 244 234 
-131 265 -675 710 -505 -512 234 
-131 265 -675 710 155 244 -512 
-131 265 -675 710 155 244 234 
-131 265 -675 710 155 -512 234 
-131 265 -675 710 244 -512 234 
-131 265 -675 -505 155 244 -512 
-131 265 -675 -505 155 244 234 
-131 265 -675 -505 155 -512 234 
-131 265 -675 -505 244 -512 234 
-131 265 -675 155 244 -512 234 
-131 265 -496 776 710 -505 155 
-131 265 -496 776 710 -505 244 
-131 265 -496 776 710 -505 -512 
-131 265 -496 776 710 -505 234 
-131 265 -496 776 710 155 244 
-131 265 -496 776 710 155 -512 
-131 265 -496 776 710 155 234 
-131 265 -496 776 710 244 -512 
-131 265 -496 776 710 244 234 
-131 265 -496 776 710 -512 234 
-131 265 -496 776 -505 155 244 
-131 265 -496 776 -505 155 -512 
-131 265 -496 776 -505 155 234 
-131 265 -496 776 -505 244 -512 
-131 265 -496 776 -505 244 234 
-131 265 -496 776 -505 -512 234 
-131 265 -496 776 155 244 -512 
-131 265 -496 776 155 244 234 
-131 265 -496 776 155 -512 234 
-131 265 -496 776 244 -512 234 
-131 265 -496 710 -505 155 244 
-131 265 -496 710 -505 155 -512 
-131 265 -496 710 -505 155 234 
-131 265 -496 710 -505 244 -512 
-131 265 -496 710 -505 244 234 
-131 265 -496 710 -505 -512 234 
-131 265 -496 710 155 244 -512 
-131 265 -496 710 155 244 234 
-131 265 -496 710 155 -512 234 
-131 265 -496 710 244 -512 234 
-131 265 -496 -505 155 244 -512 
-131 265 -496 -505 155 244 234 
-131 265 -496 -505 155 -512 234 
-131 265 -496 -505 244 -512 234 
-131 265 -496 155 244 -512 234 
-131 265 776 710 -505 155 244 
-131 265 776 710 -505 155 -512 
-131 265 776 710 -505 155 234 
-131 265 776 710 -505 244 -512 
-131 265 776 710 -505 244 234 
-131 265 776 710 -505 -512 234 
-131 265 776 710 155 244 -512 
-131 265 776 710 155 244 234 
-131 265 776 710 155 -512 234 
-131 265 776 710 244 -512 234 
-131 265 776 -505 155 244 -512 
-131 265 776 -505 155 244 234 
-131 265 776 -505 155 -512 234 
-131 265 776 -505 244 -512 234 
-131 265 776 155 244 -512 234 
-131 265 710 -505 155 244 -512 
-131 265 710 -505 155 244 234 
-131 265 710 -505 155 -512 234 
-131 265 710 -505 244 -512 234 
-131 265 710 155 244 -512 234 
-131 265 -505 155 244 -512 234 
-131 103 -675 -496 776 710 -505 
-131 103 -675 -496 776 710 155 
-131 103 -675 -496 776 710 244 
-131 103 -675 -496 776 710 -512 
-131 103 -675 -496 776 710 234 
-131 103 -675 -496 776 -505 155 
-131 103 -675 -496 776 -505 244 
-131 103 -675 -496 776 -505 -512 
-131 103 -675 -496 776 -505 234 
-131 103 -675 -496 776 155 244 
-131 103 -675 -496 776 155 -512 
-131 103 -675 -496 776 155 234 
-131 103 -675 -496 776 244 -512 
-131 103 -675 -496 776 244 234 
-131 103 -675 -496 776 -512 234 
-131 103 -675 -496 710 -505 155 
-131 103 -675 -496 710 -505 244 
-131 103 -675 -496 710 -505 -512 
-131 103 -675 -496 710 -505 234 
-131 103 -675 -496 710 155 244 
-131 103 -675 -496 710 155 -512 
-131 103 -675 -496 710 155 234 
-131 103 -675 -496 710 244 -512 
-131 103 -675 -496 710 244 234 
-131 103 -675 -496 710 -512 234 
-131 103 -675 -496 -505 155 244 
-131 103 -675 -496 -505 155 -512 
-131 103 -675 -496 -505 155 234 
-131 103 -675 -496 -505 244 -512 
-131 103 -675 -496 -505 244 234 
-131 103 -675 -496 -505 -512 234 
-131 103 -675 -496 155 244 -512 
-131 103 -675 -496 155 244 234 
-131 103 -675 -496 155 -512 234 
-131 103 -675 -496 244 -512 234 
-131 103 -675 776 710 -505 155 
-131 103 -675 776 710 -505 244 
-131 103 -675 776 710 -505 -512 
-131 103 -675 776 710 -505 234 
-131 103 -675 776 710 155 244 
-131 103 -675 776 710 155 -512 
-131 103 -675 776 710 155 234 
-131 103 -675 776 710 244 -512 
-131 103 -675 776 710 244 234 
-131 103 -675 776 710 -512 234 
-131 103 -675 776 -505 155 244 
-131 103 -675 776 -505 155 -512 
-131 103 -675 776 -505 155 234 
-131 103 -675 776 -505 244 -512 
-131 103 -675 776 -505 244 234 
-131 103 -675 776 -505 -512 234 
-131 103 -675 776 155 244 -512 
-131 103 -675 776 155 244 234 
-131 103 -675 776 155 -512 234 
-131 103 -675 776 244 -512 234 
-131 103 -675 710 -505 155 244 
-131 103 -675 710 -505 155 -512 
-131 103 -675 710 -505 155 234 
-131 103 -675 710 -505 244 -512 
-131 103 -675 710 -505 244 234 
-131 103 -675 710 -505 -512 234 
-131 103 -675 710 155 244 -512 
-131 103 -675 710 155 244 234 
-131 103 -675 710 155 -512 234 
-131 103 -675 710 244 -512 234 
-131 103 -675 -505 155 244 -512 
-131 103 -675 -505 155 244 234 
-131 103 -675 -505 155 -512 234 
-131 103 -675 -505 244 -512 234 
-131 103 -675 155 244 -512 234 
-131 103 -496 776 710 -505 155 
-131 103 -496 776 710 -505 244 
-131 103 -496 776 710 -505 -512 
-131 103 -496 776 710 -505 234 
-131 103 -496 776 710 155 244 
-131 103 -496 776 710 155 -512 
-131 103 -496 776 710 155 234 
-131 103 -496 776 710 244 -512 
-131 103 -496 776 710 244 234 
-131 103 -496 776 710 -512 234 
-131 103 -496 776 -505 155 244 
-131 103 -496 776 -505 155 -512 
-131 103 -496 776 -505 155 234 
-131 103 -496 776 -505 244 -512 
-131 103 -496 776 -505 244 234 
-131 103 -496 776 -505 -512 234 
-131 103 -496 776 155 244 -512 
-131 103 -496 776 155 244 234 
-131 103 -496 776 155 -512 234 
-131 103 -496 776 244 -512 234 
-131 103 -496 710 -505 155 244 
-131 103 -496 710 -505 155 -512 
-131 103 -496 710 -505 155 234 
-131 103 -496 710 -505 244 -512 
-131 103 -496 710 -505 244 234 
-131 103 -496 710 -505 -512 234 
-131 103 -496 710 155 244 -512 
-131 103 -496 710 155 244 234 
-131 103 -496 710 155 -512 234 
-131 103 -496 710 244 -512 234 
-131 103 -496 -505 155 244 -512 
-131 103 -496 -505 155 244 234 
-131 103 -496 -505 155 -512 234 
-131 103 -496 -505 244 -512 234 
-131 103 -496 155 244 -512 234 
-131 103 776 710 -505 155 244 
-131 103 776 710 -505 155 -512 
-131 103 776 710 -505 155 234 
-131 103 776 710 -505 244 -512 
-131 103 776 710 -505 244 234 
-131 103 776 710 -505 -512 234 
-131 103 776 710 155 244 -512 
-131 103 776 710 155 244 234 
-131 103 776 710 155 -512 234 
-131 103 776 710 244 -512 234 
-131 103 776 -505 155 244 -512 
-131 103 776 -505 155 244 234 
-131 103 776 -505 155 -512 234 
-131 103 776 -505 244 -512 234 
-131 103 776 155 244 -512 234 
-131 103 710 -505 155 244 -512 
-131 103 710 -505 155 244 234 
-131 103 710 -505 155 -512 234 
-131 103 710 -505 244 -512 234 
-131 103 710 155 244 -512 234 
-131 103 -505 155 244 -512 234 
-131 -675 -496 776 710 -505 155 
-131 -675 -496 776 710 -505 244 
-131 -675 -496 776 710 -505 -512 
-131 -675 -496 776 710 -505 234 
-131 -675 -496 776 710 155 244 
-131 -675 -496 776 710 155 -512 
-131 -675 -496 776 710 155 234 
-131 -675 -496 776 710 244 -512 
-131 -675 -496 776 710 244 234 
-131 -675 -496 776 710 -512 234 
-131 -675 -496 776 -505 155 244 
-131 -675 -496 776 -505 155 -512 
-131 -675 -496 776 -505 155 234 
-131 -675 -496 776 -505 244 -512 
-131 -675 -496 776 -505 244 234 
-131 -675 -496 776 -505 -512 234 
-131 -675 -496 776 155 244 -512 
-131 -675 -496 776 155 244 234 
-131 -675 -496 776 155 -512 234 
-131 -675 -496 776 244 -512 234 
-131 -675 -496 710 -505 155 244 
-131 -675 -496 710 -505 155 -512 
-131 -675 -496 710 -505 155 234 
-131 -675 -496 710 -505 244 -512 
-131 -675 -496 710 -505 244 234 
-131 -675 -496 710 -505 -512 234 
-131 -675 -496 710 155 244 -512 
-131 -675 -496 710 155 244 234 
-131 -675 -496 710 155 -512 234 
-131 -675 -496 710 244 -512 234 
-131 -675 -496 -505 155 244 -512 
-131 -675 -496 -505 155 244 234 
-131 -675 -496 -505 155 -512 234 
-131 -675 -496 -505 244 -512 234 
-131 -675 -496 155 244 -512 234 
-131 -675 776 710 -505 155 244 
-131 -675 776 710 -505 155 -512 
-131 -675 776 710 -505 155 234 
-131 -675 776 710 -505 244 -512 
-131 -675 776 710 -505 244 234 
-131 -675 776 710 -505 -512 234 
-131 -675 776 710 155 244 -512 
-131 -675 776 710 155 244 234 
-131 -675 776 710 155 -512 234 
-131 -675 776 710 244 -512 234 
-131 -675 776 -505 155 244 -512 
-131 -675 776 -505 155 244 234 
-131 -675 776 -505 155 -512 234 
-131 -675 776 -505 244 -512 234 
-131 -675 776 155 244 -512 234 
-131 -675 710 -505 155 244 -512 
-131 -675 710 -505 155 244 234 
-131 -675 710 -505 155 -512 234 
-131 -675 710 -505 244 -512 234 
-131 -675 710 155 244 -512 234 
-131 -675 -505 155 244 -512 234 
-131 -496 776 710 -505 155 244 
-131 -496 776 710 -505 155 -512 
-131 -496 776 710 -505 155 234 
-131 -496 776 710 -505 244 -512 
-131 -496 776 710 -505 244 234 
-131 -496 776 710 -505 -512 234 
-131 -496 776 710 155 244 -512 
-131 -496 776 710 155 244 234 
-131 -496 776 710 155 -512 234 
-131 -496 776 710 244 -512 234 
-131 -496 776 -505 155 244 -512 
-131 -496 776 -505 155 244 234 
-131 -496 776 -505 155 -512 234 
-131 -496 776 -505 244 -512 234 
-131 -496 776 155 244 -512 234 
-131 -496 710 -505 155 244 -512 
-131 -496 710 -505 155 244 234 
-131 -496 710 -505 155 -512 234 
-131 -496 710 -505 244 -512 234 
-131 -496 710 155 244 -512 234 
-131 -496 -505 155 244 -512 234 
-131 776 710 -505 155 244 -512 
-131 776 710 -505 155 244 234 
-131 776 710 -505 155 -512 234 
-131 776 710 -505 244 -512 234 
-131 776 710 155 244 -512 234 
-131 776 -505 155 244 -512 234 
-131 710 -505 155 244 -512 234 
-384 265 103 -675 -496 776 710 
-384 265 103 -675 -496 776 -505 
-384 265 103 -675 -496 776 155 
-384 265 103 -675 -496 776 244 
-384 265 103 -675 -496 776 -512 
-384 265 103 -675 -496 776 234 
-384 265 103 -675 -496 710 -505 
-384 265 103 -675 -496 710 155 
-384 265 103 -675 -496 710 244 
-384 265 103 -675 -496 710 -512 
-384 265 103 -675 -496 710 234 
-384 265 103 -675 -496 -505 155 
-384 265 103 -675 -496 -505 244 
-384 265 103 -675 -496 -505 -512 
-384 265 103 -675 -496 -505 234 
-384 265 103 -675 -496 155 244 
-384 265 103 -675 -496 155 -512 
-384 265 103 -675 -496 155 234 
-384 265 103 -675 -496 244 -512 
-384 265 103 -675 -496 244 234 
-384 265 103 -675 -496 -512 234 
-384 265 103 -675 776 710 -505 
-384 265 103 -675 776 710 155 
-384 265 103 -675 776 710 244 
-384 265 103 -675 776 710 -512 
-384 265 103 -675 776 710 234 
-384 265 103 -675 776 -505 155 
-384 265 103 -675 776 -505 244 
-384 265 103 -675 776 -505 -512 
-384 265 103 -675 776 -505 234 
-384 265 103 -675 776 155 244 
-384 265 103 -675 776 155 -512 
-384 265 103 -675 776 155 234 
-384 265 103 -675 776 244 -512 
-384 265 103 -675 776 244 234 
-384 265 103 -675 776 -512 234 
-384 265 103 -675 710 -505 155 
-384 265 103 -675 710 -505 244 
-384 265 103 -675 710 -505 -512 
-384 265 103 -675 710 -505 234 
-384 265 103 -675 710 155 244 
-384 265 103 -675 710 155 -512 
-384 265 103 -675 710 155 234 
-384 265 103 -675 710 244 -512 
-384 265 103 -675 710 244 234 
-384 265 103 -675 710 -512 234 
-384 265 103 -675 -505 155 244 
-384 265 103 -675 -505 155 -512 
-384 265 103 -675 -505 155 234 
-384 265 103 -675 -505 244 -512 
-384 265 103 -675 -505 244 234 
-384 265 103 -675 -505 -512 234 
-384 265 103 -675 155 244 -512 
-384 265 103 -675 155 244 234 
-384 265 103 -675 155 -512 234 
-384 265 103 -675 244 -512 234 
-384 265 103 -496 776 710 -505 
-384 265 103 -496 776 710 155 
-384 265 103 -496 776 710 244 
-384 265 103 -496 776 710 -512 
-384 265 103 -496 776 710 234 
-384 265 103 -496 776 -505 155 
-384 265 103 -496 776 -505 244 
-384 265 103 -496 776 -505 -512 
-384 265 103 -496 776 -505 234 
-384 265 103 -496 776 155 244 
-384 265 103 -496 776 155 -512 
-384 265 103 -496 776 155 234 
-384 265 103 -496 776 244 -512 
-384 265 103 -496 776 244 234 
-384 265 103 -496 776 -512 234 
-384 265 103 -496 710 -505 155 
-384 265 103 -496 710 -505 244 
-384 265 103 -496 710 -505 -512 
-384 265 103 -496 710 -505 234 
-384 265 103 -496 710 155 244 
-384 265 103 -496 710 155 -512 
-384 265 103 -496 710 155 234 
-384 265 103 -496 710 244 -512 
-384 265 103 -496 710 244 234 
-384 265 103 -496 710 -512 234 
-384 265 103 -496 -505 155 244 
-384 265 103 -496 -505 155 -512 
-384 265 103 -496 -505 155 234 
-384 265 103 -496 -505 244 -512 
-384 265 103 -496 -505 244 234 
-384 265 103 -496 -505 -512 234 
-384 265 103 -496 155 244 -512 
-384 265 103 -496 155 244 234 
-384 265 103 -496 155 -512 234 
-384 265 103 -496 244 -512 234 
-384 265 103 776 710 -505 155 
-384 265 103 776 710 -505 244 
-384 265 103 776 710 -505 -512 
-384 265 103 776 710 -505 234 
-384 265 103 776 710 155 244 
-384 265 103 776 710 155 -512 
-384 265 103 776 710 155 234 
-384 265 103 776 710 244 -512 
-384 265 103 776 710 244 234 
-384 265 103 776 710 -512 234 
-384 265 103 776 -505 155 244 
-384 265 103 776 -505 155 -512 
-384 265 103 776 -505 155 234 
-384 265 103 776 -505 244 -512 
-384 265 103 776 -505 244 234 
-384 265 103 776 -505 -512 234 
-384 265 103 776 155 244 -512 
-384 265 103 776 155 244 234 
-384 265 103 776 155 -512 234 
-384 265 103 776 244 -512 234 
-384 265 103 710 -505 155 244 
-384 265 103 710 -505 155 -512 
-384 265 103 710 -505 155 234 
-384 265 103 710 -505 244 -512 
-384 265 103 710 -505 244 234 
-384 265 103 710 -505 -512 234 
-384 265 103 710 155 244 -512 
-384 265 103 710 155 244 234 
-384 265 103 710 155 -512 234 
-384 265 103 710 244 -512 234 
-384 265 103 -505 155 244 -512 
-384 265 103 -505 155 244 234 
-384 265 103 -505 155 -512 234 
-384 265 103 -505 244 -512 234 
-384 265 103 155 244 -512 234 
-384 265 -675 -496 776 710 -505 
-384 265 -675 -496 776 710 155 
-384 265 -675 -496 776 710 244 
-384 265 -675 -496 776 710 -512 
-384 265 -675 -496 776 710 234 
-384 265 -675 -496 776 -505 155 
-384 265 -675 -496 776 -505 244 
-384 265 -675 -496 776 -505 -512 
-384 265 -675 -496 776 -505 234 
-384 265 -675 -496 776 155 244 
-384 265 -675 -496 776 155 -512 
-384 265 -675 -496 776 155 234 
-384 265 -675 -496 776 244 -512 
-384 265 -675 -496 776 244 234 
-384 265 -675 -496 776 -512 234 
-384 265 -675 -496 710 -505 155 
-384 265 -675 -496 710 -505 244 
-384 265 -675 -496 710 -505 -512 
-384 265 -675 -496 710 -505 234 
-384 265 -675 -496 710 155 244 
-384 265 -675 -496 710 155 -512 
-384 265 -675 -496 710 155 234 
-384 265 -675 -496 710 244 -512 
-384 265 -675 -496 710 244 234 
-384 265 -675 -496 710 -512 234 
-384 265 -675 -496 -505 155 244 
-384 265 -675 -496 -505 155 -512 
-384 265 -675 -496 -505 155 234 
-384 265 -675 -496 -505 244 -512 
-384 265 -675 -496 -505 244 234 
-384 265 -675 -496 -505 -512 234 
-384 265 -675 -496 155 244 -512 
-384 265 -675 -496 155 244 234 
-384 265 -675 -496 155 -512 234 
-384 265 -675 -496 244 -512 234 
-384 265 -675 776 710 -505 155 
-384 265 -675 776 710 -505 244 
-384 265 -675 776 710 -505 -512 
-384 265 -675 776 710 -505 234 
-384 265 -675 776 710 155 244 
-384 265 -675 776 710 155 -512 
-384 265 -675 776 710 155 234 
-384 265 -675 776 710 244 -512 
-384 265 -675 776 710 244 234 
-384 265 -675 776 710 -512 234 
-384 265 -675 776 -505 155 244 
-384 265 -675 776 -505 155 -512 
-384 265 -675 776 -505 155 234 
-384 265 -675 776 -505 244 -512 
-384 265 -675 776 -505 244 234 
-384 265 -675 776 -505 -512 234 
-384 265 -675 776 155 244 -512 
-384 265 -675 776 155 244 234 
-384 265 -675 776 155 -512 234 
-384 265 -675 776 244 -512 234 
-384 265 -675 710 -505 155 244 
-384 265 -675 710 -505 155 -512 
-384 265 -675 710 -505 155 234 
-384 265 -675 710 -505 244 -512 
-384 265 -675 710 -505 244 234 
-384 265 -675 710 -505 -512 234 
-384 265 -675 710 155 244 -512 
-384 265 -675 710 155 244 234 
-384 265 -675 710 155 -512 234 
-384 265 -675 710 244 -512 234 
-384 265 -675 -505 155 244 -512 
-384 265 -675 -505 155 244 234 
-384 265 -675 -505 155 -512 234 
-384 265 -675 -505 244 -512 234 
-384 265 -675 155 244 -512 234 
-384 265 -496 776 710 -505 155 
-384 265 -496 776 710 -505 244 
-384 265 -496 776 710 -505 -512 
-384 265 -496 776 710 -505 234 
-384 265 -496 776 710 155 244 
-384 265 -496 776 710 155 -512 
-384 265 -496 776 710 155 234 
-384 265 -496 776 710 244 -512 
-384 265 -496 776 710 244 234 
-384 265 -496 776 710 -512 234 
-384 265 -496 776 -505 155 244 
-384 265 -496 776 -505 155 -512 
-384 265 -496 776 -505 155 234 
-384 265 -496 776 -505 244 -512 
-384 265 -496 776 -505 244 234 
-384 265 -496 776 -505 -512 234 
-384 265 -496 776 155 244 -512 
-384 265 -496 776 155 244 234 
-384 265 -496 776 155 -512 234 
-384 265 -496 776 244 -512 234 
-384 265 -496 710 -505 155 244 
-384 265 -496 710 -505 155 -512 
-384 265 -496 710 -505 155 234 
-384 265 -496 710 -505 244 -512 
-384 265 -496 710 -505 244 234 
-384 265 -496 710 -505 -512 234 
-384 265 -496 710 155 244 -512 
-384 265 -496 710 155 244 234 
-384 265 -496 710 155 -512 234 
-384 265 -496 710 244 -512 234 
-384 265 -496 -505 155 244 -512 
-384 265 -496 -505 155 244 234 
-384 265 -496 -505 155 -512 234 
-384 265 -496 -505 244 -512 234 
-384 265 -496 155 244 -512 234 
-384 265 776 710 -505 155 244 
-384 265 776 710 -505 155 -512 
-384 265 776 710 -505 155 234 
-384 265 776 710 -505 244 -512 
-384 265 776 710 -505 244 234 
-384 265 776 710 -505 -512 234 
-384 265 776 710 155 244 -512 
-384 265 776 710 155 244 234 
-384 265 776 710 155 -512 234 
-384 265 776 710 244 -512 234 
-384 265 776 -505 155 244 -512 
-384 265 776 -505 155 244 234 
-384 265 776 -505 155 -512 234 
-384 265 776 -505 244 -512 234 
-384 265 776 155 244 -512 234 
-384 265 710 -505 155 244 -512 
-384 265 710 -505 155 244 234 
-384 265 710 -505 155 -512 234 
-384 265 710 -505 244 -512 234 
-384 265 710 155 244 -512 234 
-384 265 -505 155 244 -512 234 
-384 103 -675 -496 776 710 -505 
-384 103 -675 -496 776 710 155 
-384 103 -675 -496 776 710 244 
-384 103 -675 -496 776 710 -512 
-384 103 -675 -496 776 710 234 
-384 103 -675 -496 776 -505 155 
-384 103 -675 -496 776 -505 244 
-384 103 -675 -496 776 -505 -512 
-384 103 -675 -496 776 -505 234 
-384 103 -675 -496 776 155 244 
-384 103 -675 -496 776 155 -512 
-384 103 -675 -496 776 155 234 
-384 103 -675 -496 776 244 -512 
-384 103 -675 -496 776 244 234 
-384 103 -675 -496 776 -512 234 
-384 103 -675 -496 710 -505 155 
-384 103 -675 -496 710 -505 244 
-384 103 -675 -496 710 -505 -512 
-384 103 -675 -496 710 -505 234 
-384 103 -675 -496 710 155 244 
-384 103 -675 -496 710 155 -512 
-384 103 -675 -496 710 155 234 
-384 103 -675 -496 710 244 -512 
-384 103 -675 -496 710 244 234 
-384 103 -675 -496 710 -512 234 
-384 103 -675 -496 -505 155 244 
-384 103 -675 -496 -505 155 -512 
-384 103 -675 -496 -505 155 234 
-384 103 -675 -496 -505 244 -512 
-384 103 -675 -496 -505 244 234 
-384 103 -675 -496 -505 -512 234 
-384 103 -675 -496 155 244 -512 
-384 103 -675 -496 155 244 234 
-384 103 -675 -496 155 -512 234 
-384 103 -675 -496 244 -512 234 
-384 103 -675 776 710 -505 155 
-384 103 -675 776 710 -505 244 
-384 103 -675 776 710 -505 -512 
-384 103 -675 776 710 -505 234 
-384 103 -675 776 710 155 244 
-384 103 -675 776 710 155 -512 
-384 103 -675 776 710 155 234 
-384 103 -675 776 710 244 -512 
-384 103 -675 776 710 244 234 
-384 103 -675 776 710 -512 234 
-384 103 -675 776 -505 155 244 
-384 103 -675 776 -505 155 -512 
-384 103 -675 776 -505 155 234 
-384 103 -675 776 -505 244 -512 
-384 103 -675 776 -505 244 234 
-384 103 -675 776 -505 -512 234 
-384 103 -675 776 155 244 -512 
-384 103 -675 776 155 244 234 
-384 103 -675 776 155 -512 234 
-384 103 -675 776 244 -512 234 
-384 103 -675 710 -505 155 244 
-384 103 -675 710 -505 155 -512 
-384 103 -675 710 -505 155 234 
-384 103 -675 710 -505 244 -512 
-384 103 -675 710 -505 244 234 
-384 103 -675 710 -505 -512 234 
-384 103 -675 710 155 244 -512 
-384 103 -675 710 155 244 234 
-384 103 -675 710 155 -512 234 
-384 103 -675 710 244 -512 234 
-384 103 -675 -505 155 244 -512 
-384 103 -675 -505 155 244 234 
-384 103 -675 -505 155 -512 234 
-384 103 -675 -505 244 -512 234 
-384 103 -675 155 244 -512 234 
-384 103 -496 776 710 -505 155 
-384 103 -496 776 710 -505 244 
-384 103 -496 776 710 -505 -512 
-384 103 -496 776 710 -505 234 
-384 103 -496 776 710 155 244 
-384 103 -496 776 710 155 -512 
-384 103 -496 776 710 155 234 
-384 103 -496 776 710 244 -512 
-384 103 -496 776 710 244 234 
-384 103 -496 776 710 -512 234 
-384 103 -496 776 -505 155 244 
-384 103 -496 776 -505 155 -512 
-384 103 -496 776 -505 155 234 
-384 103 -496 776 -505 244 -512 
-384 103 -496 776 -505 244 234 
-384 103 -496 776 -505 -512 234 
-384 103 -496 776 155 244 -512 
-384 103 -496 776 155 244 234 
-384 103 -496 776 155 -512 234 
-384 103 -496 776 244 -512 234 
-384 103 -496 710 -505 155 244 
-384 103 -496 710 -505 155 -512 
-384 103 -496 710 -505 155 234 
-384 103 -496 710 -505 244 -512 
-384 103 -496 710 -505 244 234 
-384 103 -496 710 -505 -512 234 
-384 103 -496 710 155 244 -512 
-384 103 -496 710 155 244 234 
-384 103 -496 710 155 -512 234 
-384 103 -496 710 244 -512 234 
-384 103 -496 -505 155 244 -512 
-384 103 -496 -505 155 244 234 
-384 103 -496 -505 155 -512 234 
-384 103 -496 -505 244 -512 234 
-384 103 -496 155 244 -512 234 
-384 103 776 710 -505 155 244 
-384 103 776 710 -505 155 -512 
-384 103 776 710 -505 155 234 
-384 103 776 710 -505 244 -512 
-384 103 776 710 -505 244 234 
-384 103 776 710 -505 -512 234 
-384 103 776 710 155 244 -512 
-384 103 776 710 155 244 234 
-384 103 776 710 155 -512 234 
-384 103 776 710 244 -512 234 
-384 103 776 -505 155 244 -512 
-384 103 776 -505 155 244 234 
-384 103 776 -505 155 -512 234 
-384 103 776 -505 244 -512 234 
-384 103 776 155 244 -512 234 
-384 103 710 -505 155 244 -512 
-384 103 710 -505 155 244 234 
-384 103 710 -505 155 -512 234 
-384 103 710 -505 244 -512 234 
-384 103 710 155 244 -512 234 
-384 103 -505 155 244 -512 234 
-384 -675 -496 776 710 -505 155 
-384 -675 -496 776 710 -505 244 
-384 -675 -496 776 710 -505 -512 
-384 -675 -496 776 710 -505 234 
-384 -675 -496 776 710 155 244 
-384 -675 -496 776 710 155 -512 
-384 -675 -496 776 710 155 234 
-384 -675 -496 776 710 244 -512 
-384 -675 -496 776 710 244 234 
-384 -675 -496 776 710 -512 234 
-384 -675 -496 776 -505 155 244 
-384 -675 -496 776 -505 155 -512 
-384 -675 -496 776 -505 155 234 
-384 -675 -496 776 -505 244 -512 
-384 -675 -496 776 -505 244 234 
-384 -675 -496 776 -505 -512 234 
-384 -675 -496 776 155 244 -512 
-384 -675 -496 776 155 244 234 
-384 -675 -496 776 155 -512 234 
-384 -675 -496 776 244 -512 234 
-384 -675 -496 710 -505 155 244 
-384 -675 -496 710 -505 155 -512 
-384 -675 -496 710 -505 155 234 
-384 -675 -496 710 -505 244 -512 
-384 -675 -496 710 -505 244 234 
-384 -675 -496 710 -505 -512 234 
-384 -675 -496 710 155 244 -512 
-384 -675 -496 710 155 244 234 
-384 -675 -496 710 155 -512 234 
-384 -675 -496 710 244 -512 234 
-384 -675 -496 -505 155 244 -512 
-384 -675 -496 -505 155 244 234 
-384 -675 -496 -505 155 -512 234 
-384 -675 -496 -505 244 -512 234 
-384 -675 -496 155 244 -512 234 
-384 -675 776 710 -505 155 244 
-384 -675 776 710 -505 155 -512 
-384 -675 776 710 -505 155 234 
-384 -675 776 710 -505 244 -512 
-384 -675 776 710 -505 244 234 
-384 -675 776 710 -505 -512 234 
-384 -675 776 710 155 244 -512 
-384 -675 776 710 155 244 234 
-384 -675 776 710 155 -512 234 
-384 -675 776 710 244 -512 234 
-384 -675 776 -505 155 244 -512 
-384 -675 776 -505 155 244 234 
-384 -675 776 -505 155 -512 234 
-384 -675 776 -505 244 -512 234 
-384 -675 776 155 244 -512 234 
-384 -675 710 -505 155 244 -512 
-384 -675 710 -505 155 244 234 
-384 -675 710 -505 155 -512 234 
-384 -675 710 -505 244 -512 234 
-384 -675 710 155 244 -512 234 
-384 -675 -505 155 244 -512 234 
-384 -496 776 710 -505 155 244 
-384 -496 776 710 -505 155 -512 
-384 -496 776 710 -505 155 234 
-384 -496 776 710 -505 244 -512 
-384 -496 776 710 -505 244 234 
-384 -496 776 710 -505 -512 234 
-384 -496 776 710 155 244 -512 
-384 -496 776 710 155 244 234 
-384 -496 776 710 155 -512 234 
-384 -496 776 710 244 -512 234 
-384 -496 776 -505 155 244 -512 
-384 -496 776 -505 155 244 234 
-384 -496 776 -505 155 -512 234 
-384 -496 776 -505 244 -512 234 
-384 -496 776 155 244 -512 234 
-384 -496 710 -505 155 244 -512 
-384 -496 710 -505 155 244 234 
-384 -496 710 -505 155 -512 234 
-384 -496 710 -505 244 -512 234 
-384 -496 710 155 244 -512 234 
-384 -496 -505 155 244 -512 234 
-384 776 710 -505 155 244 -512 
-384 776 710 -505 155 244 234 
-384 776 710 -505 155 -512 234 
-384 776 710 -505 244 -512 234 
-384 776 710 155 244 -512 234 
-384 776 -505 155 244 -512 234 
-384 710 -505 155 244 -512 234 
265 103 -675 -496 776 710 -505 
265 103 -675 -496 776 710 155 
265 103 -675 -496 776 710 244 
265 103 -675 -496 776 710 -512 
265 103 -675 -496 776 710 234 
265 103 -675 -496 776 -505 155 
265 103 -675 -496 776 -505 244 
265 103 -675 -496 776 -505 -512 
265 103 -675 -496 776 -505 234 
265 103 -675 -496 776 155 244 
265 103 -675 -496 776 155 -512 
265 103 -675 -496 776 155 234 
265 103 -675 -496 776 244 -512 
265 103 -675 -496 776 244 234 
265 103 -675 -496 776 -512 234 
265 103 -675 -496 710 -505 155 
265 103 -675 -496 710 -505 244 
265 103 -675 -496 710 -505 -512 
265 103 -675 -496 710 -505 234 
265 103 -675 -496 710 155 244 
265 103 -675 -496 710 155 -512 
265 103 -675 -496 710 155 234 
265 103 -675 -496 710 244 -512 
265 103 -675 -496 710 244 234 
265 103 -675 -496 710 -512 234 
265 103 -675 -496 -505 155 244 
265 103 -675 -496 -505 155 -512 
265 103 -675 -496 -505 155 234 
265 103 -675 -496 -505 244 -512 
265 103 -675 -496 -505 244 234 
265 103 -675 -496 -505 -512 234 
265 103 -675 -496 155 244 -512 
265 103 -675 -496 155 244 234 
265 103 -675 -496 155 -512 234 
265 103 -675 -496 244 -512 234 
265 103 -675 776 710 -505 155 
265 103 -675 776 710 -505 244 
265 103 -675 776 710 -505 -512 
265 103 -675 776 710 -505 234 
265 103 -675 776 710 155 244 
265 103 -675 776 710 155 -512 
265 103 -675 776 710 155 234 
265 103 -675 776 710 244 -512 
265 103 -675 776 710 244 234 
265 103 -675 776 710 -512 234 
265 103 -675 776 -505 155 244 
265 103 -675 776 -505 155 -512 
265 103 -675 776 -505 155 234 
265 103 -675 776 -505 244 -512 
265 103 -675 776 -505 244 234 
265 103 -675 776 -505 -512 234 
265 103 -675 776 155 244 -512 
265 103 -675 776 155 244 234 
265 103 -675 776 155 -512 234 
265 103 -675 776 244 -512 234 
265 103 -675 710 -505 155 244 
265 103 -675 710 -505 155 -512 
265 103 -675 710 -505 155 234 
265 103 -675 710 -505 244 -512 
265 103 -675 710 -505 244 234 
265 103 -675 710 -505 -512 234 
265 103 -675 710 155 244 -512 
265 103 -675 710 155 244 234 
265 103 -675 710 155 -512 234 
265 103 -675 710 244 -512 234 
265 103 -675 -505 155 244 -512 
265 103 -675 -505 155 244 234 
265 103 -675 -505 155 -512 234 
265 103 -675 -505 244 -512 234 
265 103 -675 155 244 -512 234 
265 103 -496 776 710 -505 155 
265 103 -496 776 710 -505 244 
265 103 -496 776 710 -505 -512 
265 103 -496 776 710 -505 234 
265 103 -496 776 710 155 244 
265 103 -496 776 710 155 -512 
265 103 -496 776 710 155 234 
265 103 -496 776 710 244 -512 
265 103 -496 776 710 244 234 
265 103 -496 776 710 -512 234 
265 103 -496 776 -505 155 244 
265 103 -496 776 -505 155 -512 
265 103 -496 776 -505 155 234 
265 103 -496 776 -505 244 -512 
265 103 -496 776 -505 244 234 
265 103 -496 776 -505 -512 234 
265 103 -496 776 155 244 -512 
265 103 -496 776 155 244 234 
265 103 -496 776 155 -512 234 
265 103 -496 776 244 -512 234 
265 103 -496 710 -505 155 244 
265 103 -496 710 -505 155 -512 
265 103 -496 710 -505 155 234 
265 103 -496 710 -505 244 -512 
265 103 -496 710 -505 244 234 
265 103 -496 710 -505 -512 234 
265 103 -496 710 155 244 -512 
265 103 -496 710 155 244 234 
265 103 -496 710 155 -512 234 
265 103 -496 710 244 -512 234 
265 103 -496 -505 155 244 -512 
265 103 -496 -505 155 244 234 
265 103 -496 -505 155 -512 234 
265 103 -496 -505 244 -512 234 
265 103 -496 155 244 -512 234 
265 103 776 710 -505 155 244 
265 103 776 710 -505 155 -512 
265 103 776 710 -505 155 234 
265 103 776 710 -505 244 -512 
265 103 776 710 -505 244 234 
265 103 776 710 -505 -512 234 
265 103 776 710 155 244 -512 
265 103 776 710 155 244 234 
265 103 776 710 155 -512 234 
265 103 776 710 244 -512 234 
265 103 776 -505 155 244 -512 
265 103 776 -505 155 244 234 
265 103 776 -505 155 -512 234 
265 103 776 -505 244 -512 234 
265 103 776 155 244 -512 234 
265 103 710 -505 155 244 -512 
265 103 710 -505 155 244 234 
265 103 710 -505 155 -512 234 
265 103 710 -505 244 -512 234 
265 103 710 155 244 -512 234 
265 103 -505 155 244 -512 234 
265 -675 -496 776 710 -505 155 
265 -675 -496 776 710 -505 244 
265 -675 -496 776 710 -505 -512 
265 -675 -496 776 710 -505 234 
265 -675 -496 776 710 155 244 
265 -675 -496 776 710 155 -512 
265 -675 -496 776 710 155 234 
265 -675 -496 776 710 244 -512 
265 -675 -496 776 710 244 234 
265 -675 -496 776 710 -512 234 
265 -675 -496 776 -505 155 244 
265 -675 -496 776 -505 155 -512 
265 -675 -496 776 -505 155 234 
265 -675 -496 776 -505 244 -512 
265 -675 -496 776 -505 244 234 
265 -675 -496 776 -505 -512 234 
265 -675 -496 776 155 244 -512 
265 -675 -496 776 155 244 234 
265 -675 -496 776 155 -512 234 
265 -675 -496 776 244 -512 234 
265 -675 -496 710 -505 155 244 
265 -675 -496 710 -505 155 -512 
265 -675 -496 710 -505 155 234 
265 -675 -496 710 -505 244 -512 
265 -675 -496 710 -505 244 234 
265 -675 -496 710 -505 -512 234 
265 -675 -496 710 155 244 -512 
265 -675 -496 710 155 244 234 
265 -675 -496 710 155 -512 234 
265 -675 -496 710 244 -512 234 
265 -675 -496 -505 155 244 -512 
265 -675 -496 -505 155 244 234 
265 -675 -496 -505 155 -512 234 
265 -675 -496 -505 244 -512 234 
265 -675 -496 155 244 -512 234 
265 -675 776 710 -505 155 244 
265 -675 776 710 -505 155 -512 
265 -675 776 710 -505 155 234 
265 -675 776 710 -505 244 -512 
265 -675 776 710 -505 244 234 
265 -675 776 710 -505 -512 234 
265 -675 776 710 155 244 -512 
265 -675 776 710 155 244 234 
265 -675 776 710 155 -512 234 
265 -675 776 710 244 -512 234 
265 -675 776 -505 155 244 -512 
265 -675 776 -505 155 244 234 
265 -675 776 -505 155 -512 234 
265 -675 776 -505 244 -512 234 
265 -675 776 155 244 -512 234 
265 -675 710 -505 155 244 -512 
265 -675 710 -505 155 244 234 
265 -675 710 -505 155 -512 234 
265 -675 710 -505 244 -512 234 
265 -675 710 155 244 -512 234 
265 -675 -505 155 244 -512 234 
265 -496 776 710 -505 155 244 
265 -496 776 710 -505 155 -512 
265 -496 776 710 -505 155 234 
265 -496 776 710 -505 244 -512 
265 -496 776 710 -505 244 234 
265 -496 776 710 -505 -512 234 
265 -496 776 710 155 244 -512 
265 -496 776 710 155 244 234 
265 -496 776 710 155 -512 234 
265 -496 776 710 244 -512 234 
265 -496 776 -505 155 244 -512 
265 -496 776 -505 155 244 234 
265 -496 776 -505 155 -512 234 
265 -496 776 -505 244 -512 234 
265 -496 776 155 244 -512 234 
265 -496 710 -505 155 244 -512 
265 -496 710 -505 155 244 234 
265 -496 710 -505 155 -512 234 
265 -496 710 -505 244 -512 234 
265 -496 710 155 244 -512 234 
265 -496 -505 155 244 -512 234 
265 776 710 -505 155 244 -512 
265 776 710 -505 155 244 234 
265 776 710 -505 155 -512 234 
265 776 710 -505 244 -512 234 
265 776 710 155 244 -512 234 
265 776 -505 155 244 -512 234 
265 710 -505 155 244 -512 234 
103 -675 -496 776 710 -505 155 
103 -675 -496 776 710 -505 244 
103 -675 -496 776 710 -505 -512 
103 -675 -496 776 710 -505 234 
103 -675 -496 776 710 155 244 
103 -675 -496 776 710 155 -512 
103 -675 -496 776 710 155 234 
103 -675 -496 776 710 244 -512 
103 -675 -496 776 710 244 234 
103 -675 -496 776 710 -512 234 
103 -675 -496 776 -505 155 244 
103 -675 -496 776 -505 155 -512 
103 -675 -496 776 -505 155 234 
103 -675 -496 776 -505 244 -512 
103 -675 -496 776 -505 244 234 
103 -675 -496 776 -505 -512 234 
103 -675 -496 776 155 244 -512 
103 -675 -496 776 155 244 234 
103 -675 -496 776 155 -512 234 
103 -675 -496 776 244 -512 234 
103 -675 -496 710 -505 155 244 
103 -675 -496 710 -505 155 -512 
103 -675 -496 710 -505 155 234 
103 -675 -496 710 -505 244 -512 
103 -675 -496 710 -505 244 234 
103 -675 -496 710 -505 -512 234 
103 -675 -496 710 155 244 -512 
103 -675 -496 710 155 244 234 
103 -675 -496 710 155 -512 234 
103 -675 -496 710 244 -512 234 
103 -675 -496 -505 155 244 -512 
103 -675 -496 -505 155 244 234 
103 -675 -496 -505 155 -512 234 
103 -675 -496 -505 244 -512 234 
103 -675 -496 155 244 -512 234 
103 -675 776 710 -505 155 244 
103 -675 776 710 -505 155 -512 
103 -675 776 710 -505 155 234 
103 -675 776 710 -505 244 -512 
103 -675 776 710 -505 244 234 
103 -675 776 710 -505 -512 234 
103 -675 776 710 155 244 -512 
103 -675 776 710 155 244 234 
103 -675 776 710 155 -512 234 
103 -675 776 710 244 -512 234 
103 -675 776 -505 155 244 -512 
103 -675 776 -505 155 244 234 
103 -675 776 -505 155 -512 234 
103 -675 776 -505 244 -512 234 
103 -675 776 155 244 -512 234 
103 -675 710 -505 155 244 -512 
103 -675 710 -505 155 244 234 
103 -675 710 -505 155 -512 234 
103 -675 710 -505 244 -512 234 
103 -675 710 155 244 -512 234 
103 -675 -505 155 244 -512 234 
103 -496 776 710 -505 155 244 
103 -496 776 710 -505 155 -512 
103 -496 776 710 -505 155 234 
103 -496 776 710 -505 244 -512 
103 -496 776 710 -505 244 234 
103 -496 776 710 -505 -512 234 
103 -496 776 710 155 244 -512 
103 -496 776 710 155 244 234 
103 -496 776 710 155 -512 234 
103 -496 776 710 244 -512 234 
103 -496 776 -505 155 244 -512 
103 -496 776 -505 155 244 234 
103 -496 776 -505 155 -512 234 
103 -496 776 -505 244 -512 234 
103 -496 776 155 244 -512 234 
103 -496 710 -505 155 244 -512 
103 -496 710 -505 155 244 234 
103 -496 710 -505 155 -512 234 
103 -496 710 -505 244 -512 234 
103 -496 710 155 244 -512 234 
103 -496 -505 155 244 -512 234 
103 776 710 -505 155 244 -512 
103 776 710 -505 155 244 234 
103 776 710 -505 155 -512 234 
103 776 710 -505 244 -512 234 
103 776 710 155 244 -512 234 
103 776 -505 155 244 -512 234 
103 710 -505 155 244 -512 234 
-675 -496 776 710 -505 155 244 
-675 -496 776 710 -505 155 -512 
-675 -496 776 710 -505 155 234 
-675 -496 776 710 -505 244 -512 
-675 -496 776 710 -505 244 234 
-675 -496 776 710 -505 -512 234 
-675 -496 776 710 155 244 -512 
-675 -496 776 710 155 244 234 
-675 -496 776 710 155 -512 234 
-675 -496 776 710 244 -512 234 
-675 -496 776 -505 155 244 -512 
-675 -496 776 -505 155 244 234 
-675 -496 776 -505 155 -512 234 
-675 -496 776 -505 244 -512 234 
-675 -496 776 155 244 -512 234 
-675 -496 710 -505 155 244 -512 
-675 -496 710 -505 155 244 234 
-675 -496 710 -505 155 -512 234 
-675 -496 710 -505 244 -512 234 
-675 -496 710 155 244 -512 234 
-675 -496 -505 155 244 -512 234 
-675 776 710 -505 155 244 -512 
-675 776 710 -505 155 244 234 
-675 776 710 -505 155 -512 234 
-675 776 710 -505 244 -512 234 
-675 776 710 155 244 -512 234 
-675 776 -505 155 244 -512 234 
-675 710 -505 155 244 -512 234 
-496 776 710 -505 155 244 -512 
-496 776 710 -505 155 244 234 
-496 776 710 -505 155 -512 234 
-496 776 710 -505 244 -512 234 
-496 776 710 155 244 -512 234 
-496 776 -505 155 244 -512 234 
-496 710 -505 155 244 -512 234 
776 710 -505 155 244 -512 234 
